# dtau0 tau0 ns Ap herei heref alphaq hub omegamh2 hireionz bhfeedback a_lls a_dla fSiIII
3.183983805480205143e-03 -7.674863096301925286e-04 4.538133724855287631e-04 3.720238759774193910e-12 -5.453428384918832666e-03 -5.123718579731480899e-03 -9.630601405577607008e-04 -2.658289416566021572e-04 3.462919951777109500e-06 3.219410837313664716e-04 1.985635812398230257e-04 1.008222373113915439e-04 9.490461178568788991e-05 -3.300849141039687386e-06
-7.674863096301925286e-04 9.345191416426284819e-04 -5.884644695126678079e-04 -5.117485271264845685e-12 1.452119819811309746e-03 2.676780844833740423e-03 -2.137889462602290697e-03 4.380358509200063077e-04 -1.305646694539602020e-05 6.252456834630483636e-03 -7.474510513944374491e-05 1.554064677034863414e-04 -1.714734918216610099e-04 3.701047058663032019e-06
4.538133724855287631e-04 -5.884644695126678079e-04 6.230634079647506124e-04 2.297959542707147365e-12 -7.591515789481791208e-04 -1.601370487933234145e-03 1.573607411953355413e-03 -3.204469148411662020e-04 1.331735283030574158e-05 -4.913542275191575166e-03 6.484717788199915360e-05 2.630965288149219629e-04 1.098439832625154605e-04 -1.220129484317112819e-06
3.720238759774193910e-12 -5.117485271264845685e-12 2.297959542707147365e-12 4.117259847020832414e-20 -1.650410883146956432e-11 -1.727336340447478071e-11 1.519125547575849862e-11 -1.980121409238124988e-12 -4.650754849856087635e-14 -3.779946531731197216e-11 4.668636810044871966e-13 -3.992694899759824823e-12 1.243769627984664596e-12 -3.446021882617058429e-14
-5.453428384918832666e-03 1.452119819811309746e-03 -7.591515789481791208e-04 -1.650410883146956432e-11 2.712574069594406861e-02 1.232688168262701875e-02 -9.407228600095827098e-04 1.573483959336120666e-04 6.629685757641948110e-05 9.931817047348676097e-03 -5.532823800330338975e-04 1.875161199892156835e-03 -5.108404925220016253e-04 1.958447442625441698e-05
-5.123718579731480899e-03 2.676780844833740423e-03 -1.601370487933234145e-03 -1.727336340447478071e-11 1.232688168262701875e-02 2.460816805914457436e-02 -2.740854325663284134e-03 1.468813296861599775e-03 -5.850753206927025719e-06 2.058801895383581548e-02 -4.440853182538101202e-04 1.299071217481703386e-03 -6.535390089286430542e-04 1.648470788823566970e-05
-9.630601405577607008e-04 -2.137889462602290697e-03 1.573607411953355196e-03 1.519125547575849862e-11 -9.407228600095827098e-04 -2.740854325663283700e-03 3.976045805997332344e-02 -1.525071460234096081e-03 6.786290509646979944e-05 -1.889197382091031829e-02 2.224244444180448015e-04 -9.616635627802562871e-04 6.508613358237403182e-04 -7.877424524546480013e-06
-2.658289416566021572e-04 4.380358509200063077e-04 -3.204469148411662020e-04 -1.980121409238124988e-12 1.573483959336120666e-04 1.468813296861599775e-03 -1.525071460234096081e-03 6.411745931907211499e-04 -4.621868857417963071e-06 5.260400637182257623e-03 -3.937692889875999129e-05 1.035943814140801946e-04 -1.250530568989279760e-04 2.252205831763203671e-06
3.462919951777109500e-06 -1.305646694539602020e-05 1.331735283030574158e-05 -4.650754849856087635e-14 6.629685757641948110e-05 -5.850753206927025719e-06 6.786290509646979944e-05 -4.621868857417963071e-06 2.544420209737295256e-06 1.108504404723358455e-05 5.046062039476646510e-07 1.456325532675327478e-05 6.278475145942093179e-07 8.841200158724275574e-08
3.219410837313665258e-04 6.252456834630483636e-03 -4.913542275191575166e-03 -3.779946531731197216e-11 9.931817047348674363e-03 2.058801895383581548e-02 -1.889197382091032176e-02 5.260400637182257623e-03 1.108504404723358624e-05 1.178758996326852992e-01 -4.414028871710827724e-04 1.822559798120589221e-03 -1.651180272440481772e-03 3.868409737374597262e-05
1.985635812398230528e-04 -7.474510513944374491e-05 6.484717788199915360e-05 4.668636810044871966e-13 -5.532823800330338975e-04 -4.440853182538101202e-04 2.224244444180448015e-04 -3.937692889875999129e-05 5.046062039476646510e-07 -4.414028871710827724e-04 1.108320594464214169e-04 -7.845722168954075951e-06 1.744045716409515671e-05 -5.689443654245193238e-07
1.008222373113915304e-04 1.554064677034863414e-04 2.630965288149219629e-04 -3.992694899759824823e-12 1.875161199892156835e-03 1.299071217481703386e-03 -9.616635627802563955e-04 1.035943814140801946e-04 1.456325532675327478e-05 1.822559798120589221e-03 -7.845722168954075951e-06 1.202122403851485803e-03 -1.559759348396652428e-04 4.052632475133724610e-06
9.490461178568788991e-05 -1.714734918216610099e-04 1.098439832625154605e-04 1.243769627984664596e-12 -5.108404925220016253e-04 -6.535390089286431626e-04 6.508613358237403182e-04 -1.250530568989279760e-04 6.278475145942094237e-07 -1.651180272440481772e-03 1.744045716409515671e-05 -1.559759348396652428e-04 6.680632199646929347e-05 -7.126724324572218430e-07
-3.300849141039687810e-06 3.701047058663032019e-06 -1.220129484317112819e-06 -3.446021882617058429e-14 1.958447442625441698e-05 1.648470788823566970e-05 -7.877424524546481707e-06 2.252205831763203248e-06 8.841200158724275574e-08 3.868409737374597262e-05 -5.689443654245193238e-07 4.052632475133724610e-06 -7.126724324572218430e-07 2.810450256055832917e-07
