# dtau0 tau0 ns Ap herei heref alphaq hub omegamh2 hireionz bhfeedback a_lls a_dla fSiIII
1.407442713708704400e-03 -3.167724665276676756e-04 1.842904207416288598e-04 8.235919013150072625e-13 -4.388605394384333851e-04 -1.404546156516950015e-03 -7.155611479199276920e-04 -6.809694404801403097e-05 4.687404990491940537e-06 1.854215204659421124e-03 1.704345806595885081e-05 3.499347574454900515e-04 -1.505905792777698492e-05 -1.076961764414173935e-06
-3.167724665276676756e-04 3.189927872718874768e-04 -1.514566306220009974e-04 -1.615477422025990678e-12 5.433067185194747180e-05 1.304102734074006893e-04 3.445226889866643036e-05 2.131871333368756427e-05 -1.429595352928173533e-06 6.438509262715858645e-04 8.485044718162552906e-07 -2.755764797594250232e-05 -2.556247252700150901e-05 4.478432627574818112e-07
1.842904207416288598e-04 -1.514566306220009974e-04 1.809470676021507525e-04 4.846088661496546955e-13 -1.824278824419194294e-05 -7.091044544133462586e-05 3.095967570895269839e-05 -7.352872694243425188e-06 -8.767620184620125184e-07 -5.070987898420825689e-04 -9.655984747446087313e-08 1.890595866692302250e-04 1.166813121940143771e-05 -1.408729055200556539e-08
8.235919013150072625e-13 -1.615477422025990678e-12 4.846088661496546955e-13 1.467114304740765782e-20 -8.248275472753752355e-13 -9.778099719716605122e-13 4.193232201919528706e-12 1.610637993683179714e-13 -5.433979479417263176e-14 -3.002120271309826414e-12 -4.919871364855860994e-14 -1.634160832575753277e-12 3.813102782537844351e-13 3.246564019442059694e-16
-4.388605394384335477e-04 5.433067185194747180e-05 -1.824278824419194294e-05 -8.248275472753752355e-13 2.487159585595150133e-03 9.104974702790009835e-04 -6.271710601081578339e-05 -1.563257233555230885e-05 3.907073572878296608e-06 3.386724543823499281e-04 -1.020484620670510094e-05 1.242684725616541384e-04 -3.658934760543816535e-05 5.315216117008732349e-07
-1.404546156516950015e-03 1.304102734074006893e-04 -7.091044544133462586e-05 -9.778099719716605122e-13 9.104974702790009835e-04 1.388518158662671413e-02 1.675635850779823733e-03 -1.512545755184366444e-05 -1.063017486294941717e-05 -1.686052504518952824e-03 -8.723937465779714625e-05 1.319243221066183479e-04 -1.106476622193785353e-04 -1.357450413297197324e-06
-7.155611479199276920e-04 3.445226889866641681e-05 3.095967570895269839e-05 4.193232201919528706e-12 -6.271710601081578339e-05 1.675635850779823733e-03 2.168941271633107598e-02 1.921437651746499937e-04 -8.663490893036462266e-06 6.270746588522263369e-05 -1.993426007538113857e-05 -7.074869151934546664e-04 2.088043765143275166e-04 2.554086051289965362e-06
-6.809694404801401742e-05 2.131871333368756427e-05 -7.352872694243425188e-06 1.610637993683179714e-13 -1.563257233555230885e-05 -1.512545755184366444e-05 1.921437651746499937e-04 1.061969706276691248e-04 -2.336469193138878616e-06 8.046599707293803098e-05 -2.407701948152363035e-07 -2.115561250209777066e-05 -7.288812927371000835e-06 7.668898279854366101e-07
4.687404990491940537e-06 -1.429595352928173533e-06 -8.767620184620125184e-07 -5.433979479417263176e-14 3.907073572878296608e-06 -1.063017486294941717e-05 -8.663490893036462266e-06 -2.336469193138878616e-06 1.622366755066957659e-06 2.569816969862870836e-05 8.625550191474498010e-07 4.495478503835280405e-06 -1.091857262683458026e-06 -4.353298210213742746e-08
1.854215204659421124e-03 6.438509262715858645e-04 -5.070987898420825689e-04 -3.002120271309826414e-12 3.386724543823499281e-04 -1.686052504518952824e-03 6.270746588522249816e-05 8.046599707293803098e-05 2.569816969862870836e-05 5.320012897078563174e-02 2.198740918557931499e-05 -1.434950752166672258e-04 -5.427486632582739949e-06 -1.240520702882340403e-06
1.704345806595885420e-05 8.485044718162551848e-07 -9.655984747446097901e-08 -4.919871364855860994e-14 -1.020484620670510094e-05 -8.723937465779714625e-05 -1.993426007538113857e-05 -2.407701948152362505e-07 8.625550191474498010e-07 2.198740918557931837e-05 1.347407835649491217e-05 5.836261554066554353e-06 -1.537272410946058624e-07 2.205690684962720409e-08
3.499347574454900515e-04 -2.755764797594250232e-05 1.890595866692302250e-04 -1.634160832575753277e-12 1.242684725616541113e-04 1.319243221066183479e-04 -7.074869151934546664e-04 -2.115561250209777066e-05 4.495478503835280405e-06 -1.434950752166672800e-04 5.836261554066554353e-06 8.363015577026668319e-04 -1.105154761841584512e-04 -5.205964967974249120e-07
-1.505905792777698492e-05 -2.556247252700150562e-05 1.166813121940143771e-05 3.813102782537844351e-13 -3.658934760543817890e-05 -1.106476622193785624e-04 2.088043765143275166e-04 -7.288812927371000835e-06 -1.091857262683458026e-06 -5.427486632582734020e-06 -1.537272410946058624e-07 -1.105154761841584512e-04 3.530663098431844861e-05 3.493082231604488539e-07
-1.076961764414173300e-06 4.478432627574818642e-07 -1.408729055200561668e-08 3.246564019442060188e-16 5.315216117008730231e-07 -1.357450413297196053e-06 2.554086051289966633e-06 7.668898279854367160e-07 -4.353298210213742746e-08 -1.240520702882342309e-06 2.205690684962720740e-08 -5.205964967974248061e-07 3.493082231604488539e-07 2.593634795606785652e-07
