# dtau0 tau0 ns Ap herei heref alphaq hub omegamh2 hireionz bhfeedback a_lls a_dla fSiIII
8.923871527808116761e-04 -7.183856702534501134e-05 5.465391662187235789e-05 1.296413888624001530e-13 -1.435955096672137028e-04 -2.627706809728794918e-04 -1.974104832452349475e-04 -3.097627336104318219e-05 1.251495205664177460e-06 4.014462144381780728e-03 2.776091859003936366e-06 1.978306046962638410e-04 -2.612422543562259520e-05 4.247730788898130408e-07
-7.183856702534501134e-05 2.401324535196936664e-04 -1.130891457140260241e-04 -8.440774701973801047e-13 5.213795043301742310e-05 8.630283285406639443e-05 -3.910765028077372397e-05 3.669050633719709617e-06 -6.563464680506928805e-07 2.913770895659234701e-03 1.608933299450023044e-06 -4.922016747064936773e-05 -1.082175809780839239e-05 1.772258317315919359e-07
5.465391662187235789e-05 -1.130891457140260241e-04 1.440171377351923924e-04 2.091822909174233239e-13 -3.147297525315437001e-05 -6.392317479713500918e-05 1.081169525321530405e-04 -1.112445086697610195e-06 -2.591405252446014910e-07 -2.181944894746105229e-03 9.745195674859130348e-07 1.345394813627921358e-04 6.275784528878740255e-07 -1.235030656776932884e-07
1.296413888624001530e-13 -8.440774701973801047e-13 2.091822909174233239e-13 4.428765431297987157e-21 -2.015790103494770429e-13 -2.559760889192389720e-13 9.673385181141638216e-13 1.975424676480117162e-14 -4.830056953548394165e-15 -6.660003967166457597e-12 -8.997616951593124532e-15 -3.357156598131622009e-13 9.527464105822736146e-14 2.339743678537438037e-16
-1.435955096672137028e-04 5.213795043301742310e-05 -3.147297525315437001e-05 -2.015790103494770429e-13 1.016903089871623155e-03 1.062517054490196445e-04 -9.805177430306591944e-05 -1.283746924521522223e-05 -5.433191533963986827e-07 5.559372976889063490e-04 -2.365539864380381137e-06 -1.533366173220327767e-05 -4.209795783392318099e-06 -4.001363267809538905e-07
-2.627706809728794918e-04 8.630283285406639443e-05 -6.392317479713500918e-05 -2.559760889192389720e-13 1.062517054490196445e-04 3.394443396335982289e-03 -1.786107275413655038e-04 3.523419182308435538e-05 -2.760583434902667054e-06 2.830201480017985067e-03 -5.072669710587420069e-06 -3.651478855499142197e-05 -6.101320751215778177e-06 -1.977044104206626208e-07
-1.974104832452349475e-04 -3.910765028077372397e-05 1.081169525321530405e-04 9.673385181141638216e-13 -9.805177430306591944e-05 -1.786107275413655038e-04 9.881398190145935026e-03 1.851547425709225132e-05 -1.468653891188845934e-06 -4.768202551460991485e-03 5.311552527743701017e-07 4.045644530974488946e-05 6.345974693239407395e-06 1.085215767641294464e-07
-3.097627336104318219e-05 3.669050633719709617e-06 -1.112445086697610195e-06 1.975424676480117162e-14 -1.283746924521522223e-05 3.523419182308435538e-05 1.851547425709225132e-05 5.007084959277589191e-05 -1.353418972571987450e-09 -2.027629358558686516e-04 4.650935236348121898e-07 -1.373070066399975602e-06 -2.138683625025544136e-06 2.031821002458493985e-07
1.251495205664177460e-06 -6.563464680506928805e-07 -2.591405252446014910e-07 -4.830056953548394165e-15 -5.433191533963986827e-07 -2.760583434902667054e-06 -1.468653891188845934e-06 -1.353418972571987450e-09 4.034588086083248797e-07 8.793042783805678474e-06 9.979606060812393786e-09 -2.332254075565075745e-07 1.615969623522943788e-07 -1.032869188890360743e-08
4.014462144381780728e-03 2.913770895659234701e-03 -2.181944894746105229e-03 -6.660003967166457597e-12 5.559372976889063490e-04 2.830201480017985067e-03 -4.768202551460991485e-03 -2.027629358558686516e-04 8.793042783805678474e-06 1.333113102547487105e-01 2.607290033043170897e-05 -9.156755615457877516e-04 -2.188058836395466282e-04 6.279027349047173319e-06
2.776091859003936366e-06 1.608933299450023044e-06 9.745195674859130348e-07 -8.997616951593124532e-15 -2.365539864380380713e-06 -5.072669710587420069e-06 5.311552527743716898e-07 4.650935236348121898e-07 9.979606060812393786e-09 2.607290033043169880e-05 1.123811993880295519e-05 1.774844722993515814e-06 4.069895332763104260e-07 -7.428364039553656634e-09
1.978306046962638410e-04 -4.922016747064936773e-05 1.345394813627921358e-04 -3.357156598131622009e-13 -1.533366173220328106e-05 -3.651478855499141519e-05 4.045644530974488946e-05 -1.373070066399975602e-06 -2.332254075565075745e-07 -9.156755615457877516e-04 1.774844722993515814e-06 3.193260043826802929e-04 -3.778947419575862826e-05 -3.739536652836796890e-07
-2.612422543562259181e-05 -1.082175809780839239e-05 6.275784528878742373e-07 9.527464105822733622e-14 -4.209795783392316405e-06 -6.101320751215779024e-06 6.345974693239409936e-06 -2.138683625025543289e-06 1.615969623522944317e-07 -2.188058836395466282e-04 4.069895332763103731e-07 -3.778947419575862826e-05 1.093454769203668063e-05 1.842135802370929090e-07
4.247730788898131996e-07 1.772258317315918830e-07 -1.235030656776932090e-07 2.339743678537439023e-16 -4.001363267809542082e-07 -1.977044104206629384e-07 1.085215767641295391e-07 2.031821002458493985e-07 -1.032869188890360412e-08 6.279027349047172472e-06 -7.428364039553658289e-09 -3.739536652836796890e-07 1.842135802370929090e-07 1.473693924933389283e-07
