# dtau0 tau0 ns Ap herei heref alphaq hub omegamh2 hireionz bhfeedback a_lls a_dla fSiIII
8.600737279707222670e-04 -9.150335140791945431e-05 5.915658484646432215e-05 1.985849770453866685e-13 -8.691354840213811272e-05 -3.659462117699675246e-04 -2.825694939408761948e-04 -3.977717988948910338e-05 1.211655310524783993e-06 3.520673576917706955e-03 2.609840980579660205e-06 1.934808716345827592e-04 -2.552998080268063837e-05 2.526711624867471442e-07
-9.150335140791945431e-05 2.671709691489141205e-04 -1.259723412230432217e-04 -9.749662759501614328e-13 4.744858765213222747e-05 1.492441628348151672e-04 -1.075971599612004202e-04 3.563341041417299200e-07 -5.841653519436482180e-07 3.204078862815875565e-03 2.754377400806391476e-06 -5.206930112443389935e-05 -1.240209478598011141e-05 2.184602269771095053e-07
5.915658484646432215e-05 -1.259723412230432217e-04 1.527409866988947945e-04 2.618337210540559414e-13 -2.767416401375578282e-05 -1.246419559571649237e-04 1.609222452482534022e-04 1.444811870056214174e-06 -2.464331619799826519e-07 -2.434215529570334623e-03 -6.256531825996349481e-07 1.414376326218002222e-04 5.938622979217193027e-07 -2.530513788403551797e-07
1.985849770453866685e-13 -9.749662759501614328e-13 2.618337210540559414e-13 5.147355004153107198e-21 -1.895496840677152561e-13 -5.617476712269518251e-13 1.543869483629904511e-12 2.763682179062424354e-14 -5.817256512352363520e-15 -8.021341362571866372e-12 -1.256518445476135575e-14 -3.664670496126028707e-13 1.106424156962196521e-13 4.205555712596625432e-16
-8.691354840213809916e-05 4.744858765213222747e-05 -2.767416401375578282e-05 -1.895496840677153066e-13 8.031136242461483100e-04 1.239862310832779216e-04 -1.682571854428383570e-04 -7.677291797483104348e-06 -8.362897820054647749e-07 8.743220363695655304e-04 7.000939445029699946e-07 -1.580454843022979513e-06 -6.061087627588961054e-06 8.024360920458264834e-08
-3.659462117699675246e-04 1.492441628348151672e-04 -1.246419559571649237e-04 -5.617476712269518251e-13 1.239862310832779216e-04 5.238853117991525317e-03 -7.989101212545563152e-04 4.252192130949928055e-05 -3.875339958761886103e-06 4.634987495146077920e-03 -4.954868940760253757e-06 -4.660288156825376585e-05 -1.211789001932587725e-05 4.617326043980868130e-07
-2.825694939408761948e-04 -1.075971599612004202e-04 1.609222452482534022e-04 1.543869483629904511e-12 -1.682571854428383570e-04 -7.989101212545563152e-04 1.262105866120036973e-02 3.774032869098006777e-05 -4.175631892419093959e-07 -6.699824001065265121e-03 -9.177645711885619667e-07 7.027404325971300476e-06 1.818259404753649319e-05 -1.390154375924534112e-07
-3.977717988948909660e-05 3.563341041417299200e-07 1.444811870056214174e-06 2.763682179062424354e-14 -7.677291797483104348e-06 4.252192130949928055e-05 3.774032869098006777e-05 5.091810112031234197e-05 5.174455842916685425e-08 -2.626846626524042020e-04 -8.643555813189137839e-07 -4.410462511314144633e-07 -1.556492254072052759e-06 1.951737969314738461e-07
1.211655310524784205e-06 -5.841653519436482180e-07 -2.464331619799826519e-07 -5.817256512352363520e-15 -8.362897820054647749e-07 -3.875339958761886103e-06 -4.175631892419093959e-07 5.174455842916685425e-08 4.309542236986730591e-07 5.674867997846170171e-06 8.078084904211783851e-09 -2.229797449843460142e-07 1.557763521865440358e-07 -1.654773251905340672e-08
3.520673576917706955e-03 3.204078862815875565e-03 -2.434215529570334623e-03 -8.021341362571866372e-12 8.743220363695655304e-04 4.634987495146077920e-03 -6.699824001065265121e-03 -2.626846626524042020e-04 5.674867997846170171e-06 1.353019551307249324e-01 8.928525250649175930e-05 -1.157983562954007862e-03 -2.162164503986970757e-04 1.202248237539495092e-05
2.609840980579660205e-06 2.754377400806391476e-06 -6.256531825996349481e-07 -1.256518445476135575e-14 7.000939445029699946e-07 -4.954868940760253757e-06 -9.177645711885619667e-07 -8.643555813189137839e-07 8.078084904211783851e-09 8.928525250649175930e-05 1.170313045881840998e-05 3.663530057082648530e-07 4.988775273153795958e-07 3.738590791622266302e-08
1.934808716345827592e-04 -5.206930112443389935e-05 1.414376326218002222e-04 -3.664670496126027192e-13 -1.580454843022982055e-06 -4.660288156825376585e-05 7.027404325971300476e-06 -4.410462511314144633e-07 -2.229797449843460142e-07 -1.157983562954007862e-03 3.663530057082648530e-07 3.422018769020149622e-04 -4.136295335201949487e-05 -5.108864161254618979e-07
-2.552998080268063837e-05 -1.240209478598011141e-05 5.938622979217198321e-07 1.106424156962196521e-13 -6.061087627588960207e-06 -1.211789001932587555e-05 1.818259404753649319e-05 -1.556492254072052335e-06 1.557763521865440622e-07 -2.162164503986970757e-04 4.988775273153793840e-07 -4.136295335201948810e-05 1.158680386423062357e-05 1.845366915185764641e-07
2.526711624867470383e-07 2.184602269771095053e-07 -2.530513788403552856e-07 4.205555712596626911e-16 8.024360920458251599e-08 4.617326043980867600e-07 -1.390154375924534641e-07 1.951737969314738196e-07 -1.654773251905340010e-08 1.202248237539494923e-05 3.738590791622266302e-08 -5.108864161254617920e-07 1.845366915185765171e-07 1.530694106988151094e-07
