# dtau0 tau0 ns Ap herei heref alphaq hub omegamh2 hireionz bhfeedback a_lls a_dla fSiIII
8.899652181408889730e-04 -1.764751251781695540e-04 1.252782225177695799e-04 1.948025716479002571e-13 -1.235897098078465178e-04 -5.809768915193790203e-04 -7.313366893017062009e-05 -4.289892386177682941e-05 4.662839350945462702e-06 6.887435015234896372e-04 1.135792800333110959e-05 2.693874881549896305e-04 -2.353631541619730731e-05 -1.322870267164141011e-07
-1.764751251781695540e-04 1.400074094721221330e-04 -6.494841818430536942e-05 -3.927099170130989870e-13 -4.173298706528858459e-07 9.139803510347567646e-05 5.514218585611646182e-05 1.219424303757234547e-05 -3.635004114009786009e-06 8.310833868850110457e-05 -5.214261188897644669e-07 -6.938535213663091737e-05 8.638476665902285454e-07 1.038890855873897893e-08
1.252782225177695799e-04 -6.494841818430536942e-05 1.140379685083488297e-04 5.699770883236043041e-14 2.546699533081656101e-06 -1.717686124538866842e-05 -3.190169605133509135e-05 4.036757928556920667e-06 9.642081122838670085e-07 -1.507598929730838075e-04 6.243045609329366163e-07 1.307564576140981649e-04 -3.575373658128217972e-06 5.435466303632278559e-08
1.948025716479002571e-13 -3.927099170130989870e-13 5.699770883236043041e-14 2.470713756153982865e-21 -1.981267632824342350e-14 6.564349274550354564e-14 4.051716071606370956e-13 2.106864168924981104e-14 -3.057001388369263110e-15 -3.272083876855806304e-13 -1.667937321963554361e-14 -2.419575899806461276e-13 4.825228672177170072e-14 -7.791202743869645196e-18
-1.235897098078465178e-04 -4.173298706528858459e-07 2.546699533081656101e-06 -1.981267632824342350e-14 6.381857851049631269e-04 1.042161291613883512e-04 -1.348686539798162917e-05 -1.169271843669462064e-05 -2.539093174453503749e-07 -3.425775771329550636e-06 -3.366994853585604253e-06 -5.722485486636047127e-06 8.509099691019282730e-07 4.131403441022206601e-08
-5.809768915193790203e-04 9.139803510347567646e-05 -1.717686124538866842e-05 6.564349274550354564e-14 1.042161291613883512e-04 3.861482317991522285e-03 -1.121172520842907898e-04 6.719887417762186732e-05 -5.363241818520795274e-06 -1.820293603126988411e-04 -4.219261034526570027e-05 -8.852337743879239835e-05 -6.583167593739465266e-06 -3.568800148641774115e-08
-7.313366893017062009e-05 5.514218585611646182e-05 -3.190169605133509135e-05 4.051716071606370956e-13 -1.348686539798162917e-05 -1.121172520842907898e-04 5.086407335202736482e-03 8.457788425207801307e-06 5.767504713865008567e-07 5.131310608016621030e-04 7.303926055272291267e-06 -1.224609627357260363e-04 2.989081807533885193e-05 2.527277595231505613e-07
-4.289892386177682941e-05 1.219424303757234547e-05 4.036757928556920667e-06 2.106864168924981104e-14 -1.169271843669462064e-05 6.719887417762186732e-05 8.457788425207801307e-06 6.766291873717415111e-05 -4.545620970417225124e-07 4.165886907689823043e-06 1.208275074581409280e-06 5.736523867743767260e-06 -5.383404284022172642e-06 2.217394669388234138e-07
4.662839350945462702e-06 -3.635004114009786009e-06 9.642081122838670085e-07 -3.057001388369263110e-15 -2.539093174453503749e-07 -5.363241818520795274e-06 5.767504713865008567e-07 -4.545620970417225124e-07 6.504138138170684949e-07 3.219317783344215617e-06 4.187994127959381754e-07 1.204084742614839580e-06 1.487135945200057557e-07 -3.919044316811398501e-10
6.887435015234895288e-04 8.310833868850110457e-05 -1.507598929730838075e-04 -3.272083876855806304e-13 -3.425775771329550636e-06 -1.820293603126988411e-04 5.131310608016621030e-04 4.165886907689820502e-06 3.219317783344215617e-06 2.128990356730892097e-02 3.180893428262893395e-05 -5.862332821003527172e-05 2.693274137345054330e-06 -1.141912319353406955e-07
1.135792800333110959e-05 -5.214261188897643610e-07 6.243045609329366163e-07 -1.667937321963554361e-14 -3.366994853585603829e-06 -4.219261034526570027e-05 7.303926055272290420e-06 1.208275074581409280e-06 4.187994127959381754e-07 3.180893428262893395e-05 1.279882520838956330e-05 2.491577418752507490e-06 1.822691480743468181e-07 -2.108974911551326948e-08
2.693874881549896305e-04 -6.938535213663091737e-05 1.307564576140981649e-04 -2.419575899806461276e-13 -5.722485486636047127e-06 -8.852337743879239835e-05 -1.224609627357260634e-04 5.736523867743767260e-06 1.204084742614839580e-06 -5.862332821003525139e-05 2.491577418752507066e-06 3.164118733940471384e-04 -3.705311750297898496e-05 -1.717907714258259579e-07
-2.353631541619731070e-05 8.638476665902281219e-07 -3.575373658128218819e-06 4.825228672177170072e-14 8.509099691019278495e-07 -6.583167593739468654e-06 2.989081807533885870e-05 -5.383404284022170948e-06 1.487135945200057557e-07 2.693274137345053907e-06 1.822691480743468446e-07 -3.705311750297898496e-05 1.008139051570427248e-05 1.734254415261228067e-07
-1.322870267164142335e-07 1.038890855873905006e-08 5.435466303632282529e-08 -7.791202743869722233e-18 4.131403441022215866e-08 -3.568800148641803894e-08 2.527277595231505083e-07 2.217394669388233344e-07 -3.919044316811370066e-10 -1.141912319353408940e-07 -2.108974911551327940e-08 -1.717907714258260373e-07 1.734254415261228067e-07 1.580441400268145093e-07
