# dtau0 tau0 ns Ap herei heref alphaq hub omegamh2 hireionz bhfeedback a_lls a_dla fSiIII
1.929205717644188458e-03 -4.834944393042026100e-04 4.633568391268297077e-04 1.575030278244030466e-12 -4.487316253389863653e-03 -5.102599476984072662e-04 -4.863457882644388363e-05 -6.349900031466098617e-05 3.492452708029340366e-06 7.874534852442689444e-04 2.229576003981203062e-05 5.811782441919655963e-04 -1.156169556894788943e-07 -1.918984239504457850e-07
-4.834944393042026100e-04 5.014205561819705219e-04 -3.773808416891810485e-04 -2.632124006784119152e-12 2.272764169153036230e-03 3.887889757235919209e-04 -2.774218171702354761e-04 1.700607382320682440e-05 6.256479658618322247e-07 3.666693476271942406e-03 -1.064100336089311214e-05 -1.261761739274572139e-04 -5.778879952930845808e-05 1.262116232752996321e-07
4.633568391268297077e-04 -3.773808416891811027e-04 4.697119837723087764e-04 1.420398268036157567e-12 -2.582835078630259327e-03 -3.794431961145939983e-04 4.804127328647434946e-04 -1.010337497280190977e-05 -3.467638963583120818e-06 -3.797600032283675233e-03 1.246832572087136803e-05 4.147650957181656431e-04 3.665682254279882248e-05 8.959636787611928599e-09
1.575030278244030466e-12 -2.632124006784119152e-12 1.420398268036157567e-12 2.174815910823290831e-20 -1.062736668044107036e-11 -2.554234583723691025e-12 3.381586989105661583e-12 9.048349696684212956e-15 -5.309477082577626061e-14 -1.471133099383267328e-11 2.616530614087159651e-14 -1.861473732527151595e-12 6.001266605988797319e-13 1.032620653399216516e-15
-4.487316253389863653e-03 2.272764169153036230e-03 -2.582835078630259327e-03 -1.062736668044107036e-11 3.487037787288345403e-02 4.027408012852040295e-03 -5.946441472366014586e-03 -4.925208793571741209e-05 6.782202547087317315e-06 2.744207440523737176e-02 -1.227764641359366390e-04 -1.444985440516852356e-03 -3.349321476955827311e-04 -2.568865209381404098e-06
-5.102599476984071578e-04 3.887889757235919209e-04 -3.794431961145939983e-04 -2.554234583723691025e-12 4.027408012852040295e-03 4.287471301939364300e-03 -9.431219044286335467e-04 2.517141620608808784e-05 -1.964975160254083549e-06 4.269966168667146261e-03 -1.855091293394276115e-05 1.081803567978715021e-05 -8.841346448567566590e-05 1.606710754734620929e-06
-4.863457882644388363e-05 -2.774218171702354761e-04 4.804127328647434946e-04 3.381586989105661583e-12 -5.946441472366014586e-03 -9.431219044286335467e-04 1.478343421814600107e-02 5.152499066382749802e-05 -1.634779708950850048e-05 -7.034007805995967991e-03 1.853572909491961872e-05 1.887535476078131805e-04 7.927559680925144866e-05 -3.114735412843147114e-07
-6.349900031466098617e-05 1.700607382320682440e-05 -1.010337497280190977e-05 9.048349696684209801e-15 -4.925208793571741209e-05 2.517141620608808784e-05 5.152499066382749802e-05 7.254238507572170042e-05 -4.906844065529790990e-07 -2.286527663902448374e-04 -1.564634773591849507e-06 -1.013316202970790104e-05 -4.467433611211137201e-06 3.721456226652258562e-07
3.492452708029339096e-06 6.256479658618322247e-07 -3.467638963583120818e-06 -5.309477082577626061e-14 6.782202547087317315e-06 -1.964975160254083973e-06 -1.634779708950850048e-05 -4.906844065529790990e-07 1.579920867044626245e-06 6.564688788694953857e-05 1.817189584234985741e-07 1.467761608210632495e-07 -8.369765654617871176e-07 -2.981623158760079570e-08
7.874534852442688360e-04 3.666693476271942406e-03 -3.797600032283675233e-03 -1.471133099383267328e-11 2.744207440523737176e-02 4.269966168667146261e-03 -7.034007805995967991e-03 -2.286527663902448374e-04 6.564688788694953857e-05 1.058675429869499890e-01 -1.102843110810185461e-04 -2.400830816975915803e-03 -4.122982921811569972e-04 -8.608594946062046569e-07
2.229576003981203062e-05 -1.064100336089311214e-05 1.246832572087136803e-05 2.616530614087159651e-14 -1.227764641359366390e-04 -1.855091293394276115e-05 1.853572909491961872e-05 -1.564634773591849930e-06 1.817189584234985741e-07 -1.102843110810185461e-04 1.241570301873357386e-05 9.850486090788941848e-06 2.137700259549173041e-06 3.540265167012361196e-08
5.811782441919657047e-04 -1.261761739274572410e-04 4.147650957181656431e-04 -1.861473732527151595e-12 -1.444985440516852356e-03 1.081803567978715868e-05 1.887535476078132347e-04 -1.013316202970790104e-05 1.467761608210632495e-07 -2.400830816975915369e-03 9.850486090788941848e-06 1.247162795403897921e-03 -1.257779031660937645e-04 -8.660738169693221091e-07
-1.156169556894829706e-07 -5.778879952930845808e-05 3.665682254279882248e-05 6.001266605988797319e-13 -3.349321476955827311e-04 -8.841346448567567946e-05 7.927559680925144866e-05 -4.467433611211137201e-06 -8.369765654617867999e-07 -4.122982921811569972e-04 2.137700259549172618e-06 -1.257779031660937374e-04 4.131674139813387351e-05 4.102640230738906058e-07
-1.918984239504456262e-07 1.262116232752998967e-07 8.959636787611897166e-09 1.032620653399216911e-15 -2.568865209381402404e-06 1.606710754734620929e-06 -3.114735412843151350e-07 3.721456226652258562e-07 -2.981623158760079570e-08 -8.608594946062037040e-07 3.540265167012365167e-08 -8.660738169693221091e-07 4.102640230738906058e-07 2.535709003833535023e-07
