# dtau0 tau0 ns Ap herei heref alphaq hub omegamh2 hireionz bhfeedback a_lls a_dla fSiIII
1.041606278039076613e-03 -1.499392301687197250e-04 8.191672914310438064e-05 5.234747116066582510e-13 -9.594247190851769910e-04 -1.658088727325603444e-03 -5.999648480157403424e-05 -4.891157339685710828e-05 1.490865650441769721e-06 1.305744944212348675e-03 7.368067260179142440e-06 1.660172005693998944e-04 -2.082560422306193240e-05 8.064905541342033330e-07
-1.499392301687197250e-04 1.950021028979458072e-04 -3.411868093772535556e-05 -9.433184716873332871e-13 3.819627034581640339e-05 4.454523560502061811e-04 4.094358837852538958e-05 3.439549112625711326e-05 -5.780764964793223860e-07 6.871900602136434911e-04 9.936447687191737066e-06 1.775803171351015631e-05 -1.282430238192272025e-06 -8.730305831648583007e-09
8.191672914310438064e-05 -3.411868093772535556e-05 1.240452273690069863e-04 -1.451899135003037090e-13 7.768415461581545478e-05 -1.922320693916743713e-05 -1.831144078858307786e-04 -3.057746489502750583e-05 7.018469032547611369e-07 -3.868878550141797209e-04 4.376121969281312224e-06 1.515744728817854288e-04 -6.200912308755662198e-06 1.306587658338507589e-07
5.234747116066582510e-13 -9.433184716873332871e-13 -1.451899135003037090e-13 6.862390653414678232e-21 -1.004279507504936746e-12 -2.896076672568389108e-12 2.215350113200081475e-12 -1.414071768109888834e-14 -6.920286924601861946e-15 -2.181944407597505702e-12 -5.194004241280990456e-14 -7.925732875958910578e-13 6.881640580632080866e-14 -3.687465429730976913e-16
-9.594247190851769910e-04 3.819627034581640339e-05 7.768415461581545478e-05 -1.004279507504936746e-12 3.904246001898330990e-03 2.173511643439085365e-03 -1.505855517661107293e-03 -7.771956408198247776e-05 5.531037475193428821e-07 -9.897331287030916060e-04 3.264556767109934742e-06 1.277971475430276507e-04 -1.058637630628609576e-05 -6.763386989590315298e-07
-1.658088727325603444e-03 4.454523560502061811e-04 -1.922320693916743713e-05 -2.896076672568389108e-12 2.173511643439085365e-03 9.752311781253096556e-03 -2.905209712511583873e-04 2.959813459548294107e-04 1.614416878879715479e-06 4.573467804728561896e-03 -1.398017494938177561e-05 3.164113721332211600e-04 -2.713102285344514772e-05 -1.008018457152488017e-06
-5.999648480157402747e-05 4.094358837852538958e-05 -1.831144078858307786e-04 2.215350113200081475e-12 -1.505855517661107293e-03 -2.905209712511583873e-04 1.547853420243059872e-02 1.897175388511062726e-05 2.556470416645587067e-07 2.856016705608458665e-03 6.866861751460766561e-06 -4.532741119219210963e-04 6.789588040318115755e-05 -2.312105341247511983e-06
-4.891157339685712184e-05 3.439549112625711326e-05 -3.057746489502750583e-05 -1.414071768109888834e-14 -7.771956408198247776e-05 2.959813459548294107e-04 1.897175388511062726e-05 1.133904080129365577e-04 -2.839007113118111775e-07 9.907377574359806875e-04 -7.184049108215415730e-06 -8.910464326889447321e-06 -4.674471816072671329e-06 -1.795923707497916358e-07
1.490865650441769721e-06 -5.780764964793223860e-07 7.018469032547611369e-07 -6.920286924601861946e-15 5.531037475193428821e-07 1.614416878879715479e-06 2.556470416645587596e-07 -2.839007113118111775e-07 2.941283498230732907e-07 2.405799712347212233e-05 1.391785158245695170e-08 8.678254778866240748e-07 2.603456109431981550e-08 2.095376608948192134e-09
1.305744944212348891e-03 6.871900602136434911e-04 -3.868878550141797209e-04 -2.181944407597505702e-12 -9.897331287030916060e-04 4.573467804728561029e-03 2.856016705608458665e-03 9.907377574359806875e-04 2.405799712347212233e-05 6.441166028362146911e-02 -2.160591639417462523e-05 2.129941019626615541e-04 -5.184700619397372625e-05 8.248195347524109501e-06
7.368067260179142440e-06 9.936447687191737066e-06 4.376121969281312224e-06 -5.194004241280991087e-14 3.264556767109936859e-06 -1.398017494938177222e-05 6.866861751460767408e-06 -7.184049108215414883e-06 1.391785158245693847e-08 -2.160591639417461506e-05 2.624174180867212136e-05 1.141974045331596299e-05 -1.337841840100156430e-06 8.474907457380446123e-08
1.660172005693998944e-04 1.775803171351015631e-05 1.515744728817854288e-04 -7.925732875958913607e-13 1.277971475430276507e-04 3.164113721332211600e-04 -4.532741119219210963e-04 -8.910464326889443932e-06 8.678254778866240748e-07 2.129941019626615270e-04 1.141974045331596299e-05 3.648157083901234121e-04 -3.849433705293178303e-05 -6.791604307677023026e-08
-2.082560422306193240e-05 -1.282430238192272025e-06 -6.200912308755662198e-06 6.881640580632079604e-14 -1.058637630628609576e-05 -2.713102285344514772e-05 6.789588040318115755e-05 -4.674471816072673023e-06 2.603456109431982543e-08 -5.184700619397372625e-05 -1.337841840100156430e-06 -3.849433705293178303e-05 8.907792697610707105e-06 1.864566330635374026e-07
8.064905541342033330e-07 -8.730305831648597896e-09 1.306587658338507589e-07 -3.687465429730976913e-16 -6.763386989590316357e-07 -1.008018457152488017e-06 -2.312105341247512407e-06 -1.795923707497916358e-07 2.095376608948192134e-09 8.248195347524109501e-06 8.474907457380444799e-08 -6.791604307677021703e-08 1.864566330635374026e-07 1.517093787164346481e-07
