# dtau0 tau0 ns Ap herei heref alphaq hub omegamh2 hireionz bhfeedback a_lls a_dla fSiIII
1.904752603256976932e-03 -4.165830065659662418e-04 1.837489893481904387e-04 1.062744607682531829e-12 -1.367855938556713970e-03 -3.425334594597630178e-03 -4.062546273241867821e-04 -3.441890607320178381e-04 5.200840487927294662e-06 5.850287052336407148e-04 3.800362341039942922e-05 2.785529044337556976e-04 -1.984259079493202999e-05 1.510468634606526114e-06
-4.165830065659662418e-04 4.021256908888967956e-04 -1.139177332743908469e-04 -1.502086040404289543e-12 1.060452201370950443e-05 1.321185325660497378e-03 -9.738815759891287973e-05 2.686270702180890623e-04 -3.948591333887492734e-06 2.736605776346059515e-03 -6.076765001991943115e-07 7.704888294797882815e-06 -1.470060639745766347e-05 4.241512839848052963e-08
1.837489893481904387e-04 -1.139177332743908469e-04 2.181596438444831766e-04 -1.165411390815110706e-13 1.655489702664834852e-04 -3.036645905079746427e-04 -1.887231169620474578e-04 -1.339599210084390117e-04 3.010270622562118329e-06 -1.486806440514941820e-03 1.714016199359535183e-05 2.272341669060724996e-04 -5.263458107704494090e-07 1.777244143235717508e-07
1.062744607682531829e-12 -1.502086040404289543e-12 -1.165411390815110959e-13 9.796192976993990138e-21 -1.493910063045802565e-12 -5.138491018592712325e-12 3.563604044923329843e-12 -4.494145021436156092e-13 -1.000912323189618322e-14 -6.811387717102653872e-12 -5.459515346460552837e-14 -1.142835146387946453e-12 1.261055021733348990e-13 -1.254010324149506161e-15
-1.367855938556713970e-03 1.060452201370950443e-05 1.655489702664834852e-04 -1.493910063045802565e-12 5.939515157576516317e-03 2.909701092656548447e-03 -9.627223720268580530e-04 -3.172027891740021241e-04 3.993872124797224965e-06 -4.097614219098631889e-03 -7.623148760897051905e-07 1.945637187801631837e-04 5.559135675636590771e-06 -4.982848934265669573e-07
-3.425334594597630178e-03 1.321185325660497378e-03 -3.036645905079746427e-04 -5.138491018592711517e-12 2.909701092656548447e-03 1.928152121101697411e-02 -6.887321354211383383e-04 1.872472345498155284e-03 -8.837770086149598320e-06 1.569250655713518711e-02 -1.124008119398959811e-04 6.371662206487939319e-04 -1.529323610785555834e-04 -2.111382584245794721e-06
-4.062546273241867821e-04 -9.738815759891289328e-05 -1.887231169620474578e-04 3.563604044923329035e-12 -9.627223720268580530e-04 -6.887321354211383383e-04 2.304098640659862224e-02 -2.092891240391309441e-04 4.469063316087572654e-06 3.203265356763468873e-03 5.651537657012170731e-05 -6.921568916550364589e-04 1.275496674949269476e-04 -1.912944809056105083e-06
-3.441890607320178381e-04 2.686270702180890623e-04 -1.339599210084390117e-04 -4.494145021436156092e-13 -3.172027891740021241e-04 1.872472345498155284e-03 -2.092891240391309441e-04 6.520602829455904477e-04 -3.207716525550026271e-06 5.190633807122440983e-03 -4.347209939534591691e-05 4.710184158138942443e-05 -4.382318758366458833e-05 -5.941615302369393213e-07
5.200840487927294662e-06 -3.948591333887492734e-06 3.010270622562118329e-06 -1.000912323189618322e-14 3.993872124797224965e-06 -8.837770086149598320e-06 4.469063316087572654e-06 -3.207716525550026271e-06 7.289459637173250908e-07 1.101357235681899106e-05 5.530883936414632047e-08 2.483701393377330212e-06 2.531321273006752332e-07 4.382985794640815805e-09
5.850287052336407148e-04 2.736605776346059515e-03 -1.486806440514941820e-03 -6.811387717102653872e-12 -4.097614219098631889e-03 1.569250655713518711e-02 3.203265356763468873e-03 5.190633807122440983e-03 1.101357235681899106e-05 1.166699049289546541e-01 -2.917037673567557019e-04 7.730891670153604419e-04 -4.119405577012947759e-04 7.433237499840631087e-06
3.800362341039942922e-05 -6.076765001991946292e-07 1.714016199359535183e-05 -5.459515346460551575e-14 -7.623148760897058257e-07 -1.124008119398959811e-04 5.651537657012169376e-05 -4.347209939534591691e-05 5.530883936414630723e-08 -2.917037673567557561e-04 5.886754016893247580e-05 2.375777041750966431e-05 -6.472439374882879500e-08 2.239573462841745868e-07
2.785529044337556976e-04 7.704888294797886204e-06 2.272341669060724996e-04 -1.142835146387946453e-12 1.945637187801631295e-04 6.371662206487939319e-04 -6.921568916550364589e-04 4.710184158138942443e-05 2.483701393377330212e-06 7.730891670153604419e-04 2.375777041750966093e-05 6.065350442938814484e-04 -6.946528707306047273e-05 -1.949930281599796422e-07
-1.984259079493202999e-05 -1.470060639745766517e-05 -5.263458107704494090e-07 1.261055021733348990e-13 5.559135675636590771e-06 -1.529323610785555834e-04 1.275496674949269476e-04 -4.382318758366458833e-05 2.531321273006752861e-07 -4.119405577012947759e-04 -6.472439374882880824e-08 -6.946528707306047273e-05 1.904484659464100870e-05 3.501154295195930947e-07
1.510468634606526114e-06 4.241512839848052963e-08 1.777244143235717508e-07 -1.254010324149506161e-15 -4.982848934265669573e-07 -2.111382584245794721e-06 -1.912944809056105083e-06 -5.941615302369393213e-07 4.382985794640818287e-09 7.433237499840629393e-06 2.239573462841745868e-07 -1.949930281599796422e-07 3.501154295195930947e-07 2.635698339461777303e-07
