# dtau0 tau0 ns Ap herei heref alphaq hub omegamh2 hireionz bhfeedback a_lls a_dla fSiIII
1.841301459418121867e-03 -2.073034791788066231e-04 1.700470966029407822e-04 9.554821329848904711e-13 -1.778762730725094721e-03 -3.075089089911565206e-03 1.875458029351470893e-04 -4.471750392065856373e-05 9.149129605500443714e-07 1.921507281196170331e-03 9.470733990698393136e-07 3.016562934938204739e-04 -3.151343995873636810e-05 1.152298555382766050e-06
-2.073034791788066231e-04 3.538546621924794702e-04 -1.122245350423654625e-04 -2.104396704095373952e-12 1.863370002727122337e-04 1.021713169262721725e-03 -2.276320500940428649e-04 3.125161228348848021e-05 -7.234042080398995372e-07 1.131052217752337007e-03 3.471665546978034534e-06 3.629056429156708648e-05 -9.586432902240155386e-06 -2.351676552427655167e-07
1.700470966029407822e-04 -1.122245350423654625e-04 1.415821908879987814e-04 4.854912136352375133e-13 -1.608344628460060138e-04 -2.128961489749105218e-04 -5.316303755104776022e-05 -6.244522457794253193e-06 2.335209421809149533e-07 -2.370709083396502735e-04 2.396901040088465669e-09 1.109971342112822326e-04 -1.233030825572725985e-06 8.247782852433609603e-08
9.554821329848902692e-13 -2.104396704095373952e-12 4.854912136352375133e-13 1.524569657252475093e-20 -1.412574546614680857e-12 -6.770945217622875345e-12 3.952138699409652564e-12 -1.873872132968489775e-13 -1.087321538494927432e-14 -5.294640948581436028e-12 -9.713905321833069146e-15 -9.051427550657785629e-13 1.265958095136574527e-13 1.307284424604854451e-15
-1.778762730725094721e-03 1.863370002727122337e-04 -1.608344628460060138e-04 -1.412574546614680857e-12 5.824120937263844132e-03 3.628981021129777922e-03 -1.174779083089123616e-03 6.558429287296234660e-05 3.686378361840087849e-06 -8.767046401879813626e-04 -2.071631382869956107e-06 -9.327091238475195781e-05 -3.393336560566870698e-06 -1.860469284295975314e-06
-3.075089089911565206e-03 1.021713169262721725e-03 -2.128961489749105218e-04 -6.770945217622875345e-12 3.628981021129777922e-03 1.618473178846083563e-02 -2.669334372278935313e-03 2.293412779621936117e-04 8.278867903819949684e-06 4.537028548176217334e-03 -1.809774470831367868e-05 2.165114306316905590e-04 -9.879919462670231473e-06 -1.072489973623368020e-06
1.875458029351470893e-04 -2.276320500940428649e-04 -5.316303755104776022e-05 3.952138699409652564e-12 -1.174779083089123616e-03 -2.669334372278935313e-03 1.532611329964388841e-02 -9.072472821595472148e-05 -3.478355499815574624e-06 -1.767680637908600715e-03 1.345714512927471565e-05 -5.103374233452889763e-04 8.203117127702179564e-05 -1.999645072616786846e-06
-4.471750392065856373e-05 3.125161228348848021e-05 -6.244522457794253193e-06 -1.873872132968489775e-13 6.558429287296234660e-05 2.293412779621936117e-04 -9.072472821595472148e-05 5.096470813178557231e-05 7.758961420159653407e-07 4.499907275110029306e-04 -1.869167190540555912e-06 1.365416756945091466e-05 -2.678880930791731386e-06 -2.682116157350013252e-07
9.149129605500443714e-07 -7.234042080398995372e-07 2.335209421809149533e-07 -1.087321538494927432e-14 3.686378361840087849e-06 8.278867903819949684e-06 -3.478355499815574624e-06 7.758961420159653407e-07 5.035023556394571425e-07 3.567993451104922096e-05 -8.213348021043785056e-08 9.749325961981104740e-07 4.161552250242334989e-08 -3.604060247097868810e-09
1.921507281196170114e-03 1.131052217752337007e-03 -2.370709083396501922e-04 -5.294640948581436028e-12 -8.767046401879813626e-04 4.537028548176217334e-03 -1.767680637908600715e-03 4.499907275110029306e-04 3.567993451104922096e-05 6.171121854608640350e-02 -2.829933029296450585e-05 6.289868979309360926e-04 -9.798082165798666521e-05 6.550022967498037539e-06
9.470733990698397371e-07 3.471665546978034534e-06 2.396901040088264665e-09 -9.713905321833070723e-15 -2.071631382869956107e-06 -1.809774470831367868e-05 1.345714512927471226e-05 -1.869167190540555700e-06 -8.213348021043785056e-08 -2.829933029296450585e-05 1.610035898312125278e-05 1.712189530934010337e-06 -5.124308265656885933e-07 8.160935086123889296e-08
3.016562934938204739e-04 3.629056429156708648e-05 1.109971342112822326e-04 -9.051427550657785629e-13 -9.327091238475195781e-05 2.165114306316905319e-04 -5.103374233452889763e-04 1.365416756945091466e-05 9.749325961981104740e-07 6.289868979309360926e-04 1.712189530934009702e-06 3.444452049632053432e-04 -3.885201754135165846e-05 -1.998797863173210993e-07
-3.151343995873636810e-05 -9.586432902240153692e-06 -1.233030825572725985e-06 1.265958095136574527e-13 -3.393336560566871121e-06 -9.879919462670233167e-06 8.203117127702179564e-05 -2.678880930791732233e-06 4.161552250242334989e-08 -9.798082165798666521e-05 -5.124308265656885933e-07 -3.885201754135165846e-05 8.229145308754290614e-06 2.327812449337914451e-07
1.152298555382766050e-06 -2.351676552427654903e-07 8.247782852433609603e-08 1.307284424604854057e-15 -1.860469284295975314e-06 -1.072489973623368231e-06 -1.999645072616787270e-06 -2.682116157350013252e-07 -3.604060247097869224e-09 6.550022967498037539e-06 8.160935086123889296e-08 -1.998797863173211523e-07 2.327812449337914451e-07 2.025943098608427376e-07
