# dtau0 tau0 ns Ap herei heref alphaq hub omegamh2 hireionz bhfeedback a_lls a_dla fSiIII
1.435036981628357152e-03 -3.392325729521940107e-04 1.762888420444359990e-04 6.940596295315288062e-13 -4.418962008268382852e-05 -2.719545789811627420e-04 -3.056382067482599002e-04 -6.021689802441894065e-05 1.689634105250551113e-06 1.549754063323621278e-03 2.444484295524849258e-05 3.809162152215412418e-04 -3.086295507067342997e-05 -2.938495405141568074e-07
-3.392325729521940107e-04 3.008600877211776688e-04 -9.040194861118907503e-05 -1.356747249015182792e-12 -6.409506143002868209e-05 1.465323682318544042e-04 -9.053576198565046649e-05 2.048411697221667806e-05 -2.466624703494136318e-06 9.862935024182693528e-05 2.929091724494296756e-06 -2.890780467424061012e-05 -1.193254990795839616e-05 7.160531913483141797e-07
1.762888420444359990e-04 -9.040194861118907503e-05 2.383741179206521298e-04 -2.187330693085113725e-13 6.414664282864498848e-05 -1.059013358914460062e-04 -4.783696340436821814e-05 -2.531700559625157937e-05 1.357666060283584998e-06 -3.774088117780450961e-04 5.490720930933716724e-06 3.143065303794196730e-04 -1.087899294357576203e-06 2.792557854286257601e-07
6.940596295315289072e-13 -1.356747249015182792e-12 -2.187330693085113221e-13 1.026662072493030545e-20 -5.159022347328737854e-13 -8.081284289908133774e-14 2.179716770349305124e-12 6.153435266626737961e-14 -5.347974856841661377e-16 -2.065176703649687273e-12 -3.761470626656766944e-14 -1.419186782679507942e-12 1.807231302594776732e-13 -5.986839504198527736e-15
-4.418962008268382174e-05 -6.409506143002868209e-05 6.414664282864498848e-05 -5.159022347328737854e-13 1.587899481464936317e-03 -5.147100547015129963e-04 -1.018354989694174881e-03 -1.926621782975724117e-05 1.056309065784579630e-06 2.476817301848182815e-03 8.623680015666632023e-06 1.726238593109482753e-04 -1.516695860758829582e-05 9.732217142393450933e-07
-2.719545789811627420e-04 1.465323682318544042e-04 -1.059013358914460062e-04 -8.081284289908133774e-14 -5.147100547015129963e-04 1.517985806196585959e-03 1.076637013840145689e-03 4.622394838728131997e-05 -4.285250548653326621e-07 9.573539551715155383e-04 -7.330222953347599737e-06 -1.209322182705754016e-04 -2.146027772640083129e-06 -2.801176588573217746e-07
-3.056382067482599002e-04 -9.053576198565046649e-05 -4.783696340436821814e-05 2.179716770349305124e-12 -1.018354989694174881e-03 1.076637013840145689e-03 3.854059250445500667e-03 -2.902572436292037144e-05 1.164568267914840097e-07 -4.706651139699815148e-03 -1.950175944425377281e-05 -3.591833155423184093e-04 6.052821652254168405e-05 -2.836094881727483780e-06
-6.021689802441894065e-05 2.048411697221667806e-05 -2.531700559625157937e-05 6.153435266626737961e-14 -1.926621782975724117e-05 4.622394838728131997e-05 -2.902572436292037144e-05 1.517806759979734867e-04 -3.947444140069610992e-07 7.359498278404428542e-04 -5.932724446029808701e-06 -3.030035887558777102e-06 -1.348776904952539476e-05 1.805018521313738867e-07
1.689634105250551113e-06 -2.466624703494136318e-06 1.357666060283584998e-06 -5.347974856841661377e-16 1.056309065784579630e-06 -4.285250548653326621e-07 1.164568267914840097e-07 -3.947444140069610992e-07 4.322553362249820652e-07 -4.885335106407567821e-07 1.095179936216718935e-07 5.052479863959711221e-07 1.311051175520741408e-07 -1.619201096986224505e-10
1.549754063323621278e-03 9.862935024182693528e-05 -3.774088117780450961e-04 -2.065176703649687273e-12 2.476817301848182815e-03 9.573539551715155383e-04 -4.706651139699815148e-03 7.359498278404428542e-04 -4.885335106407567821e-07 5.346711124398682152e-02 3.409028710422923271e-05 1.236622542686608914e-04 -1.609863056003920311e-04 8.836289045014788737e-06
2.444484295524849258e-05 2.929091724494296756e-06 5.490720930933716724e-06 -3.761470626656766944e-14 8.623680015666632023e-06 -7.330222953347599737e-06 -1.950175944425377281e-05 -5.932724446029808701e-06 1.095179936216718935e-07 3.409028710422923271e-05 3.750673150099115126e-05 1.380920760703431418e-05 -2.069475136526114885e-06 2.571463845822043527e-08
3.809162152215412418e-04 -2.890780467424061012e-05 3.143065303794196730e-04 -1.419186782679507942e-12 1.726238593109482753e-04 -1.209322182705754016e-04 -3.591833155423184093e-04 -3.030035887558777102e-06 5.052479863959712280e-07 1.236622542686608643e-04 1.380920760703431926e-05 8.255774016500530338e-04 -8.213198502675069434e-05 4.924923129708741477e-07
-3.086295507067343674e-05 -1.193254990795839955e-05 -1.087899294357576627e-06 1.807231302594776227e-13 -1.516695860758829582e-05 -2.146027772640083129e-06 6.052821652254168405e-05 -1.348776904952539476e-05 1.311051175520741673e-07 -1.609863056003920311e-04 -2.069475136526114885e-06 -8.213198502675069434e-05 2.378936226124608153e-05 2.734869343330145944e-07
-2.938495405141568074e-07 7.160531913483141797e-07 2.792557854286257601e-07 -5.986839504198527736e-15 9.732217142393450933e-07 -2.801176588573217746e-07 -2.836094881727483780e-06 1.805018521313738867e-07 -1.619201096986224505e-10 8.836289045014788737e-06 2.571463845822044519e-08 4.924923129708740418e-07 2.734869343330145944e-07 2.557107744329509979e-07
