# dtau0 tau0 ns Ap herei heref alphaq hub omegamh2 hireionz bhfeedback a_lls a_dla fSiIII
3.455467732904371567e-03 -5.625474127243493185e-04 3.131956188899462888e-04 6.418741887116341728e-13 -1.458290076949953461e-03 -5.691697702109202277e-04 -2.227333655630788552e-03 -1.789788782378507902e-04 4.594024030876531406e-06 3.265681786240292369e-03 2.170501161531098393e-05 6.055419182177571675e-04 -1.702498917647176280e-05 -2.010447177595513908e-06
-5.625474127243493185e-04 5.523466442379702628e-04 -3.476996856387634086e-04 -2.571074479252859886e-12 2.204584113707746661e-04 -1.226554797894387802e-04 -8.437928210949450754e-04 5.383518883399659826e-05 -7.175870023099373883e-07 2.624048643024705883e-03 -5.844873525901436320e-06 -1.206143564173003577e-04 -4.702882064880739750e-05 6.386509263045773665e-07
3.131956188899462888e-04 -3.476996856387634086e-04 4.434662007305035071e-04 1.294874637752628316e-12 -4.008897188815386918e-04 2.699814831528742922e-04 1.026973095764254634e-03 -2.406351192948548334e-05 -9.730796668628286112e-07 -3.015550026430064388e-03 4.435725517585618958e-06 4.057839124747170427e-04 2.452813288791562676e-05 -6.653686271296407525e-07
6.418741887116341728e-13 -2.571074479252859886e-12 1.294874637752628316e-12 1.832012584812945234e-20 -1.560617949637908852e-12 1.763533725161297987e-12 1.064397942956589210e-11 -6.247901449535145088e-14 -1.293003460962820192e-14 -1.475034657374970488e-11 1.456320102684404468e-14 -1.437504820583720113e-12 4.528440005945607068e-13 -5.303001608739308069e-16
-1.458290076949953461e-03 2.204584113707746661e-04 -4.008897188815386918e-04 -1.560617949637908650e-12 9.482221058568437305e-03 -2.366568748260825580e-03 -2.796234267192236091e-03 1.576419526852113496e-04 5.086080756457581984e-06 7.926052787087424154e-03 -6.191771925748487722e-06 -1.132399437082140092e-04 -1.033594049610126917e-04 4.233082601390777019e-06
-5.691697702109202277e-04 -1.226554797894387802e-04 2.699814831528742922e-04 1.763533725161297987e-12 -2.366568748260825580e-03 1.126755884211817077e-02 8.633490697505033507e-03 3.714007527486626255e-05 2.495722565467508927e-06 1.226096310664287351e-03 -4.813325021239645274e-06 -1.104389867883195703e-04 8.188192082684569322e-05 1.036108062967375725e-06
-2.227333655630787685e-03 -8.437928210949450754e-04 1.026973095764254634e-03 1.064397942956589210e-11 -2.796234267192235657e-03 8.633490697505033507e-03 3.272167124867070981e-02 1.884923757339893697e-04 -9.792618010139430898e-06 -1.945433785366319085e-02 -2.295913151780705045e-06 -7.202906005548015845e-04 3.672048803909886165e-04 4.365000570849942380e-06
-1.789788782378507902e-04 5.383518883399659826e-05 -2.406351192948548334e-05 -6.247901449535146350e-14 1.576419526852113496e-04 3.714007527486624900e-05 1.884923757339893697e-04 1.510456862390279387e-04 -1.079264751666283998e-07 -1.300007744854436481e-04 -9.452262601141716106e-07 -2.232407825294693344e-05 -1.392300396649926210e-05 2.156643620183359416e-06
4.594024030876530559e-06 -7.175870023099373883e-07 -9.730796668628286112e-07 -1.293003460962820192e-14 5.086080756457581984e-06 2.495722565467508927e-06 -9.792618010139430898e-06 -1.079264751666283998e-07 5.000564091292455174e-07 4.030818859519438049e-05 6.886583240265126165e-08 -1.500502700400796373e-07 -1.759670192738207307e-07 -1.690261771729569291e-08
3.265681786240292369e-03 2.624048643024705883e-03 -3.015550026430064388e-03 -1.475034657374970488e-11 7.926052787087424154e-03 1.226096310664287351e-03 -1.945433785366319085e-02 -1.300007744854436481e-04 4.030818859519438049e-05 1.095107695865500247e-01 5.410436060328115165e-05 -1.257076531450360482e-03 -3.478627973789068782e-04 1.946374020661513570e-06
2.170501161531098393e-05 -5.844873525901436320e-06 4.435725517585618958e-06 1.456320102684404468e-14 -6.191771925748486875e-06 -4.813325021239642733e-06 -2.295913151780703774e-06 -9.452262601141717165e-07 6.886583240265126165e-08 5.410436060328115165e-05 1.338301411030676840e-05 3.368221820662816998e-06 1.045164804077004380e-06 -2.707206529689935826e-08
6.055419182177570591e-04 -1.206143564173003577e-04 4.057839124747170427e-04 -1.437504820583720113e-12 -1.132399437082140092e-04 -1.104389867883195432e-04 -7.202906005548016929e-04 -2.232407825294693344e-05 -1.500502700400796903e-07 -1.257076531450360916e-03 3.368221820662816998e-06 1.154720512414965415e-03 -1.121693471985378131e-04 -1.313381700241991064e-06
-1.702498917647176957e-05 -4.702882064880740427e-05 2.452813288791562676e-05 4.528440005945606059e-13 -1.033594049610127053e-04 8.188192082684569322e-05 3.672048803909886165e-04 -1.392300396649926719e-05 -1.759670192738206778e-07 -3.478627973789068782e-04 1.045164804077004380e-06 -1.121693471985378131e-04 3.487142073668394207e-05 2.729846521884313073e-07
-2.010447177595513485e-06 6.386509263045773665e-07 -6.653686271296409642e-07 -5.303001608739310041e-16 4.233082601390776172e-06 1.036108062967376572e-06 4.365000570849942380e-06 2.156643620183358992e-06 -1.690261771729569291e-08 1.946374020661512723e-06 -2.707206529689938142e-08 -1.313381700241991064e-06 2.729846521884313073e-07 2.890305428558227624e-07
