# dtau0 tau0 ns Ap herei heref alphaq hub omegamh2 hireionz bhfeedback a_lls a_dla fSiIII
1.977714357446795895e-03 -4.260569476154574178e-04 2.797318864473251256e-04 1.202011154724271273e-13 -6.041798801494304870e-04 -1.150814692124413775e-03 -3.013231184325790204e-03 -1.308129546775877231e-04 1.859931022641549887e-05 4.749169173648956459e-03 1.914315771002436751e-05 6.427333330107929191e-04 -4.416278957915720558e-05 -1.690386312964760627e-06
-4.260569476154574178e-04 4.615647336485857039e-04 -3.201769257621817359e-04 -1.729402579598249521e-12 3.547419077944921899e-04 1.824456878334109616e-04 -4.432877793141402922e-04 4.821463253636416429e-05 -5.387546803432667958e-06 2.985352896605641872e-03 -6.112984836854398120e-06 -2.524271752645259833e-04 -3.125454002562500969e-05 7.106596196069236507e-07
2.797318864473251256e-04 -3.201769257621817359e-04 4.037199246331464987e-04 8.902814604464707697e-13 -4.815250935759566708e-04 -7.003759266523268000e-05 9.014254311437430722e-04 -2.007925037601683876e-06 2.184954878774982049e-06 -3.591932898808090826e-03 5.057107551649931989e-06 4.332193089778627591e-04 2.431997972106132318e-05 -3.606988417922187702e-07
1.202011154724271778e-13 -1.729402579598249521e-12 8.902814604464707697e-13 1.307705858835322615e-20 -2.353638269595477607e-12 1.114165044338421324e-12 9.716656458848393310e-12 -1.886287174443754302e-14 -5.348310716445238022e-14 -1.535314835915140661e-11 3.127463908260492508e-15 -8.537002393798383445e-13 3.494781215018968803e-13 3.855508743653545127e-16
-6.041798801494304870e-04 3.547419077944921899e-04 -4.815250935759566708e-04 -2.353638269595477607e-12 5.302217269063568862e-03 -8.834160001991976327e-05 -3.246122701673752678e-03 -1.276877229254340601e-04 1.483851360906701219e-05 9.340458675298113703e-03 -1.659461598357753456e-05 -2.019365313533164888e-04 -9.322682215584297642e-05 -7.560320465840453484e-07
-1.150814692124413775e-03 1.824456878334109616e-04 -7.003759266523268000e-05 1.114165044338421324e-12 -8.834160001991976327e-05 6.881188921135650283e-03 7.654289106325177713e-03 9.731807996148013774e-05 -8.797529043617113953e-06 1.677615204520056412e-03 -8.191367340497819627e-06 -3.409534724573402994e-04 4.338108165063256138e-05 1.911025017875259907e-06
-3.013231184325790638e-03 -4.432877793141402922e-04 9.014254311437430722e-04 9.716656458848393310e-12 -3.246122701673752678e-03 7.654289106325177713e-03 3.771319242105695968e-02 3.202489872044581823e-04 -4.069968629638021741e-05 -2.544735451068908666e-02 9.413815474516603375e-08 -5.793370990092960686e-04 3.711215183034669582e-04 1.398686566960174761e-06
-1.308129546775877231e-04 4.821463253636416429e-05 -2.007925037601683876e-06 -1.886287174443755249e-14 -1.276877229254340601e-04 9.731807996148013774e-05 3.202489872044581823e-04 1.195535482741459313e-04 -2.612061349232348577e-06 -6.774127590326466976e-04 -2.512190049420698465e-06 -4.928759602303583308e-06 -7.636213446886216385e-06 1.305307919328128972e-06
1.859931022641549887e-05 -5.387546803432667958e-06 2.184954878774982049e-06 -5.348310716445238022e-14 1.483851360906701219e-05 -8.797529043617113953e-06 -4.069968629638021741e-05 -2.612061349232348577e-06 2.247089621353944140e-06 1.265990427761069011e-04 4.082858590402208553e-07 9.086162928493385384e-06 -6.419352375505837738e-07 -5.678236544140926284e-08
4.749169173648956459e-03 2.985352896605641872e-03 -3.591932898808090826e-03 -1.535314835915140661e-11 9.340458675298113703e-03 1.677615204520056412e-03 -2.544735451068908666e-02 -6.774127590326466976e-04 1.265990427761069011e-04 1.504524923691377136e-01 -1.047356763958842787e-05 -2.066731604831840031e-03 -4.593113844180223785e-04 -3.251501224700348769e-06
1.914315771002437090e-05 -6.112984836854398120e-06 5.057107551649931989e-06 3.127463908260491719e-15 -1.659461598357753456e-05 -8.191367340497819627e-06 9.413815474516553082e-08 -2.512190049420698465e-06 4.082858590402208553e-07 -1.047356763958843295e-05 1.215493050365283083e-05 4.411793641919032403e-06 1.467860403658266569e-06 -9.978790694214419877e-09
6.427333330107931359e-04 -2.524271752645259833e-04 4.332193089778627591e-04 -8.537002393798383445e-13 -2.019365313533164888e-04 -3.409534724573402994e-04 -5.793370990092960686e-04 -4.928759602303579920e-06 9.086162928493385384e-06 -2.066731604831840031e-03 4.411793641919032403e-06 1.067688348195019923e-03 -8.961181071578884667e-05 -1.095220173666026164e-06
-4.416278957915720558e-05 -3.125454002562500969e-05 2.431997972106132657e-05 3.494781215018967794e-13 -9.322682215584297642e-05 4.338108165063256138e-05 3.711215183034670124e-04 -7.636213446886214691e-06 -6.419352375505836680e-07 -4.593113844180224327e-04 1.467860403658266569e-06 -8.961181071578886023e-05 3.370617163534790080e-05 2.976095907893484925e-07
-1.690386312964761051e-06 7.106596196069239683e-07 -3.606988417922188760e-07 3.855508743653552522e-16 -7.560320465840452425e-07 1.911025017875259060e-06 1.398686566960176244e-06 1.305307919328128972e-06 -5.678236544140924299e-08 -3.251501224700347499e-06 -9.978790694214401679e-09 -1.095220173666026587e-06 2.976095907893484925e-07 2.583486950538840653e-07
