# dtau0 tau0 ns Ap herei heref alphaq hub omegamh2 hireionz bhfeedback a_lls a_dla fSiIII
2.850074144887778174e-03 -5.557033636398743450e-04 2.417588440755806826e-04 1.218282144708843250e-12 -2.986540637441867721e-04 -1.632726889662260345e-04 -8.992766205642179194e-05 -1.155306682168388496e-04 3.182617621259215057e-06 5.806643430761962996e-04 1.701723836323094081e-05 4.037937337285021650e-04 -1.121167232668487478e-05 -3.214042143748963517e-07
-5.557033636398742366e-04 3.953198575823924023e-04 -1.642641178244314839e-04 -1.695232460114759924e-12 3.220905822808922323e-05 7.056654438864919218e-05 -2.522773333463559139e-04 4.921841305296527358e-05 -1.943881984139256462e-06 8.472066788167064919e-04 -4.186013420884542324e-06 -4.161745271339406678e-05 -2.477579327454208921e-05 5.112692727110097306e-07
2.417588440755806826e-04 -1.642641178244314839e-04 2.087535173519983710e-04 4.562355526111398337e-13 -3.707377090226421368e-05 -3.592493768470214589e-05 1.368432497305676232e-04 -2.280537706264951187e-05 -8.460538674927917853e-07 -8.402951599830511299e-04 2.954957629194241609e-06 2.434826486020863978e-04 2.118214565845444445e-06 -3.748332249644714423e-07
1.218282144708843250e-12 -1.695232460114759924e-12 4.562355526111397327e-13 1.291273900364267922e-20 2.915873491927528246e-14 -2.708041294566972505e-13 1.918256951933091812e-12 -2.583943166720481967e-14 -4.982998008146865506e-14 -1.092368341894631637e-12 -2.985671104301753631e-15 -1.365502284388514784e-12 3.154309247472121394e-13 -1.473865558889206573e-15
-2.986540637441867721e-04 3.220905822808922323e-05 -3.707377090226421368e-05 2.915873491927528246e-14 2.079060775125635314e-03 -7.703391955270813812e-04 -1.030605349939835115e-03 9.071836428816805258e-05 -1.087701070430672511e-05 3.031749123633714193e-03 -4.073525568085012189e-07 -2.414673675632476039e-05 -2.045121290067667997e-05 1.471779189627885020e-06
-1.632726889662260345e-04 7.056654438864919218e-05 -3.592493768470214589e-05 -2.708041294566972505e-13 -7.703391955270813812e-04 2.342756898366254743e-03 1.529930351027655169e-03 2.200054374215557217e-05 9.287552264331280807e-06 1.102701738784126959e-03 -1.022328343377342320e-06 -5.034940250917647672e-05 1.353998728399037939e-05 5.170737902962512500e-07
-8.992766205642177839e-05 -2.522773333463559139e-04 1.368432497305676232e-04 1.918256951933091812e-12 -1.030605349939835115e-03 1.529930351027655169e-03 4.196064271182645133e-03 -4.770105679533119053e-05 1.046705227036950541e-05 -3.688560046372094982e-03 1.200132779072473578e-06 -1.704015359375750643e-04 8.037743605526078089e-05 -9.137684294960684203e-07
-1.155306682168388496e-04 4.921841305296527358e-05 -2.280537706264951187e-05 -2.583943166720481967e-14 9.071836428816805258e-05 2.200054374215557217e-05 -4.770105679533119053e-05 1.575290822084240169e-04 -2.663130970208329312e-06 5.698441598943876753e-04 9.727944715839794375e-07 -1.770239237176244874e-05 -1.205390157147502772e-05 1.979013974581440791e-06
3.182617621259215057e-06 -1.943881984139256462e-06 -8.460538674927917853e-07 -4.982998008146865506e-14 -1.087701070430672511e-05 9.287552264331280807e-06 1.046705227036950541e-05 -2.663130970208329312e-06 1.936859442280138871e-06 -5.186229150176786606e-05 4.132378695078330040e-07 2.508869451914126492e-06 -1.031293882686912822e-06 -5.022614025648378088e-08
5.806643430761962996e-04 8.472066788167064919e-04 -8.402951599830511299e-04 -1.092368341894631233e-12 3.031749123633714193e-03 1.102701738784126959e-03 -3.688560046372094982e-03 5.698441598943876753e-04 -5.186229150176786606e-05 5.423754667778313276e-02 -1.078214236160950320e-06 -8.140965149601162628e-04 -4.021281050335980125e-05 6.445058834231724380e-06
1.701723836323094081e-05 -4.186013420884542324e-06 2.954957629194241609e-06 -2.985671104301753631e-15 -4.073525568085012189e-07 -1.022328343377342320e-06 1.200132779072473578e-06 9.727944715839794375e-07 4.132378695078330040e-07 -1.078214236160950744e-06 1.291185187166299344e-05 4.170776949361330781e-06 1.743661380905513810e-08 2.199377915544237845e-08
4.037937337285021650e-04 -4.161745271339406678e-05 2.434826486020863978e-04 -1.365502284388514784e-12 -2.414673675632476039e-05 -5.034940250917647672e-05 -1.704015359375750643e-04 -1.770239237176244874e-05 2.508869451914126492e-06 -8.140965149601162628e-04 4.170776949361330781e-06 8.956257474182014854e-04 -1.115977756388895784e-04 -7.285642135031039971e-07
-1.121167232668486969e-05 -2.477579327454208921e-05 2.118214565845446563e-06 3.154309247472121394e-13 -2.045121290067668674e-05 1.353998728399038448e-05 8.037743605526078089e-05 -1.205390157147502941e-05 -1.031293882686913034e-06 -4.021281050335980803e-05 1.743661380905494289e-08 -1.115977756388895784e-04 3.046995519943022611e-05 2.666494081383892938e-07
-3.214042143748961928e-07 5.112692727110097306e-07 -3.748332249644714423e-07 -1.473865558889206573e-15 1.471779189627884597e-06 5.170737902962513559e-07 -9.137684294960683144e-07 1.979013974581441214e-06 -5.022614025648378088e-08 6.445058834231725227e-06 2.199377915544237514e-08 -7.285642135031037853e-07 2.666494081383893997e-07 2.724969705667475796e-07
