# dtau0 tau0 ns Ap herei heref alphaq hub omegamh2 hireionz bhfeedback a_lls a_dla fSiIII
9.824417812083797996e-04 -1.113806211433396651e-04 5.867826725341011298e-05 -1.103832155271044441e-14 -8.725064888874290185e-05 -7.819688684803867461e-04 -1.192451050465122937e-03 -4.686674853105992473e-05 2.153332896246546829e-06 3.651527149845966696e-03 8.896169708736434444e-06 2.438828368034143019e-04 -3.635797947839546968e-05 2.689203975389698828e-07
-1.113806211433396651e-04 1.468848359469967493e-04 -7.833855835321732060e-05 -3.640372889981374137e-13 6.011553277216066236e-06 1.769979475935524256e-04 2.254318915559047631e-04 3.207572289377739597e-06 -1.207619424069412906e-06 1.783048294388711727e-03 -2.614820575322264490e-08 -8.756063979558747611e-05 5.303094393114555683e-06 8.825102510168235995e-08
5.867826725341011298e-05 -7.833855835321732060e-05 1.320391994300468318e-04 9.343392869457525155e-14 -1.371627253379574475e-05 -6.185855401285215809e-05 1.868864884700297913e-04 1.024914180575080468e-05 4.496426869115218114e-08 -1.873557381626699946e-03 5.273475950064921683e-07 1.382892182071011140e-04 -3.945106275016749793e-06 -1.684844946887070646e-07
-1.103832155271044283e-14 -3.640372889981374137e-13 9.343392869457525155e-14 2.003892911731656047e-21 -2.064186255104977355e-14 1.172686746771341824e-13 1.411803316636274644e-12 9.736874852662332097e-15 -1.720921529447347605e-15 -3.660058498278172663e-12 -5.929386357072349195e-15 -1.391756605877884066e-13 3.488756344723959132e-14 1.195184324496391482e-16
-8.725064888874290185e-05 6.011553277216066236e-06 -1.371627253379574475e-05 -2.064186255104977355e-14 6.286187540552379055e-04 5.137308726569150347e-05 -1.051022692511920727e-04 -9.889610687801100525e-06 1.641719625729644162e-07 6.500441233465381824e-04 -5.121214239474781470e-08 -7.104469631878917776e-06 -2.791804448250573244e-06 2.158225195324496109e-08
-7.819688684803867461e-04 1.769979475935524256e-04 -6.185855401285215809e-05 1.172686746771341824e-13 5.137308726569150347e-05 5.363070059355441732e-03 2.645608460206334226e-03 3.369215410399517134e-05 -2.472456984208688447e-06 5.215422628379319872e-03 -6.849159884509321928e-06 -1.629137338587474692e-04 3.394266720611772162e-05 -6.575890773732455855e-08
-1.192451050465122720e-03 2.254318915559047631e-04 1.868864884700297642e-04 1.411803316636274644e-12 -1.051022692511920727e-04 2.645608460206334226e-03 1.874300928714664818e-02 9.497174833944647704e-05 1.644177335952396981e-06 -1.052694346529809560e-02 -2.825334476319246371e-05 -1.197085396582773885e-04 8.171087140504908653e-05 -1.656318376096766615e-06
-4.686674853105992473e-05 3.207572289377739597e-06 1.024914180575080468e-05 9.736874852662332097e-15 -9.889610687801100525e-06 3.369215410399517134e-05 9.497174833944647704e-05 5.219597308128881596e-05 -4.611093879356024883e-08 -4.721621956505024555e-04 -2.146900116352563791e-07 9.404996110557811245e-06 -2.188754547410979630e-06 1.601778327720129525e-07
2.153332896246546829e-06 -1.207619424069412906e-06 4.496426869115218114e-08 -1.720921529447347605e-15 1.641719625729644162e-07 -2.472456984208688447e-06 1.644177335952396981e-06 -4.611093879356024883e-08 3.588232288549503656e-07 8.329960606690648968e-06 4.008614399645521873e-08 1.300593827013478822e-07 1.139647679967785159e-07 -1.846054754978069618e-09
3.651527149845967563e-03 1.783048294388711727e-03 -1.873557381626699946e-03 -3.660058498278172663e-12 6.500441233465381824e-04 5.215422628379319872e-03 -1.052694346529809560e-02 -4.721621956505024555e-04 8.329960606690648968e-06 1.396375348893637014e-01 9.677857339162992663e-05 -9.861926332024048905e-04 -7.946277755174120682e-05 7.368960582115858474e-06
8.896169708736432750e-06 -2.614820575322264490e-08 5.273475950064921683e-07 -5.929386357072349195e-15 -5.121214239474781470e-08 -6.849159884509321928e-06 -2.825334476319246371e-05 -2.146900116352563791e-07 4.008614399645521873e-08 9.677857339162992663e-05 1.121039999890343989e-05 2.464883325640881087e-06 2.101229627470407370e-07 4.673756834436291822e-08
2.438828368034143019e-04 -8.756063979558747611e-05 1.382892182071011140e-04 -1.391756605877884066e-13 -7.104469631878918623e-06 -1.629137338587474692e-04 -1.197085396582773885e-04 9.404996110557809551e-06 1.300593827013478558e-07 -9.861926332024051074e-04 2.464883325640881087e-06 3.064012826348584792e-04 -3.603598309151229313e-05 -4.324818530028545710e-07
-3.635797947839546291e-05 5.303094393114556530e-06 -3.945106275016749793e-06 3.488756344723959132e-14 -2.791804448250574091e-06 3.394266720611772162e-05 8.171087140504907297e-05 -2.188754547410979207e-06 1.139647679967785159e-07 -7.946277755174120682e-05 2.101229627470407900e-07 -3.603598309151230669e-05 9.648884883921631528e-06 1.937981340342394365e-07
2.689203975389702534e-07 8.825102510168233348e-08 -1.684844946887070116e-07 1.195184324496388277e-16 2.158225195324483205e-08 -6.575890773732455855e-08 -1.656318376096766403e-06 1.601778327720130319e-07 -1.846054754978068790e-09 7.368960582115856780e-06 4.673756834436293807e-08 -4.324818530028547298e-07 1.937981340342394365e-07 1.549827876359244116e-07
