# dtau0 tau0 ns Ap herei heref alphaq hub omegamh2 hireionz bhfeedback a_lls a_dla fSiIII
1.521806305273023120e-03 -3.381851597170223924e-04 1.805513705914766275e-04 3.908327262340620616e-13 -3.398342959400910222e-04 -1.120744328703837493e-03 -1.881337257108345968e-03 -1.155418041045990515e-04 5.124898519755332393e-06 1.746621224743398221e-03 1.518279830278870595e-05 4.434447467605492628e-04 -4.695542075169902561e-05 -2.091957201862667175e-06
-3.381851597170223924e-04 3.035421648507254252e-04 -1.443381755100453393e-04 -1.316327257829219599e-12 2.295740082380077300e-05 9.882194118013120775e-05 -9.520605360503154257e-05 5.753702121807111134e-05 -2.154159727117637395e-06 7.066093787769418561e-04 -7.335111389469914978e-08 -8.079459603371530246e-05 -1.436056897383245147e-05 9.564920108546806980e-07
1.805513705914766275e-04 -1.443381755100453393e-04 1.814186103892792448e-04 3.869370233219262617e-13 -6.031638221668554247e-06 3.654808457213927286e-05 2.052483779626446049e-04 -1.839626863910950083e-05 -1.459287446558733941e-07 -4.991409881964178376e-04 2.841409109338048230e-07 2.152428188846206318e-04 5.347841787160143364e-06 -3.885533340203314303e-07
3.908327262340621121e-13 -1.316327257829219599e-12 3.869370233219262617e-13 1.220748675454950366e-20 -4.397056132811138551e-13 1.804223944189311478e-12 7.928128993466379326e-12 3.603454857471944442e-14 -5.874727963541032484e-14 -4.310670621846895149e-12 -5.653238266400092907e-14 -1.330710155771249612e-12 3.324039274097286071e-13 2.012374080084335398e-16
-3.398342959400910222e-04 2.295740082380077300e-05 -6.031638221668554247e-06 -4.397056132811138551e-13 1.793653860953656328e-03 -7.628725155741764746e-05 -1.156341327148510965e-04 -8.015851558955423964e-06 3.093336742060230155e-06 1.171811424766557464e-03 -2.268621719166260587e-06 9.075090476497815826e-05 -2.438577070005503212e-05 2.748415751998642933e-07
-1.120744328703837493e-03 9.882194118013120775e-05 3.654808457213927286e-05 1.804223944189311478e-12 -7.628725155741764746e-05 7.710499774538194864e-03 8.112839437292733435e-03 1.219396968256028339e-04 -1.356938116468066288e-05 1.642155593811843570e-04 -5.125879800740986363e-05 -2.501698803768361663e-04 7.719404412558933816e-05 2.502552953299788138e-06
-1.881337257108345968e-03 -9.520605360503154257e-05 2.052483779626446049e-04 7.928128993466380942e-12 -1.156341327148510830e-04 8.112839437292733435e-03 2.859062952777309888e-02 1.761442518981538516e-04 -2.689942464795570267e-05 -4.346131613017868711e-03 -6.391625160050005321e-05 -1.087409690099834384e-03 3.493522019368005454e-04 2.863436249753435881e-06
-1.155418041045990515e-04 5.753702121807111134e-05 -1.839626863910950083e-05 3.603454857471944442e-14 -8.015851558955423964e-06 1.219396968256028339e-04 1.761442518981538516e-04 1.440160442451463225e-04 -4.607501377221493772e-06 1.558491440046570265e-04 -7.061059366668984103e-07 -2.096889838554688985e-05 -9.084524961435564913e-06 1.532802959804437567e-06
5.124898519755332393e-06 -2.154159727117637395e-06 -1.459287446558733941e-07 -5.874727963541032484e-14 3.093336742060230155e-06 -1.356938116468066288e-05 -2.689942464795570267e-05 -4.607501377221493772e-06 1.864487261202554753e-06 2.637258919241725806e-05 9.481109002397333197e-07 6.120657500289041629e-06 -1.479423266177906020e-06 -8.878958765102625459e-08
1.746621224743397788e-03 7.066093787769418561e-04 -4.991409881964178376e-04 -4.310670621846895149e-12 1.171811424766557464e-03 1.642155593811843841e-04 -4.346131613017868711e-03 1.558491440046570265e-04 2.637258919241725806e-05 6.233271058441072765e-02 2.231023139232454980e-05 -2.924978618314710109e-06 -1.019490452015245937e-04 3.788128370003966222e-06
1.518279830278870595e-05 -7.335111389469940124e-08 2.841409109338048230e-07 -5.653238266400092907e-14 -2.268621719166260163e-06 -5.125879800740986363e-05 -6.391625160050005321e-05 -7.061059366668984103e-07 9.481109002397333197e-07 2.231023139232454980e-05 1.293197513899650318e-05 8.178806147368515136e-06 -1.248723939497333617e-06 -8.418482569622596675e-08
4.434447467605492628e-04 -8.079459603371530246e-05 2.152428188846206318e-04 -1.330710155771249612e-12 9.075090476497815826e-05 -2.501698803768361663e-04 -1.087409690099834384e-03 -2.096889838554688985e-05 6.120657500289041629e-06 -2.924978618314727049e-06 8.178806147368513442e-06 8.398517983135876186e-04 -1.107203733453033189e-04 -8.539141517713499952e-07
-4.695542075169903238e-05 -1.436056897383244639e-05 5.347841787160141669e-06 3.324039274097286071e-13 -2.438577070005502873e-05 7.719404412558933816e-05 3.493522019368005454e-04 -9.084524961435564913e-06 -1.479423266177906443e-06 -1.019490452015246344e-04 -1.248723939497333617e-06 -1.107203733453033189e-04 3.369434705759629783e-05 2.641807185935299997e-07
-2.091957201862667175e-06 9.564920108546806980e-07 -3.885533340203313773e-07 2.012374080084332933e-16 2.748415751998640815e-07 2.502552953299787715e-06 2.863436249753435034e-06 1.532802959804437779e-06 -8.878958765102625459e-08 3.788128370003969610e-06 -8.418482569622599322e-08 -8.539141517713501010e-07 2.641807185935299997e-07 2.635841308506332953e-07
