# dtau0 tau0 ns Ap herei heref alphaq hub omegamh2 hireionz bhfeedback a_lls a_dla fSiIII
7.938507554205675954e-04 -1.099869142068971424e-04 1.351137367961793444e-04 -1.025503254452946140e-13 -1.331563250488510322e-04 -1.475416035404059957e-04 -1.951472835224581494e-04 -1.238146374181706860e-04 2.653385858748428176e-06 5.808243929735238060e-04 1.958390437946125827e-05 2.884845540649176826e-04 -2.558513685556634192e-05 3.413153619429857348e-07
-1.099869142068971424e-04 1.652992384266037005e-04 -4.879504847026235937e-05 -6.547184656691097535e-13 -3.865200256007903602e-05 1.084454336595292622e-04 -2.833391776124106923e-05 3.905112683655994797e-05 -1.496083845008521692e-06 4.582661354875875457e-04 7.727819215118341382e-06 -2.779841802224615883e-05 -4.937516528224794685e-07 3.077860613435250481e-07
1.351137367961793444e-04 -4.879504847026235937e-05 1.478781616559508285e-04 -2.039958999434030496e-13 -1.991852630111659448e-05 -6.909488338341874191e-05 -8.834786843435546371e-06 -1.063554478636355080e-04 1.246392992470562834e-06 -7.975545345095091509e-04 1.364003449711676343e-05 1.760823795362254855e-04 -3.359420155467669259e-06 1.955077690405989429e-09
-1.025503254452946140e-13 -6.547184656691097535e-13 -2.039958999434030496e-13 5.239118761647051772e-21 -7.546755108786303575e-14 -1.827062949127245723e-14 9.045330273615635038e-13 4.325077909509225695e-13 -7.345045755414661267e-15 1.621448787744210969e-12 -1.029191432832526009e-13 -6.567546692810018619e-13 5.051144590130284396e-14 -1.614682046879886368e-15
-1.331563250488510322e-04 -3.865200256007903602e-05 -1.991852630111659448e-05 -7.546755108786303575e-14 1.914954842610842390e-03 -3.721363292715944358e-04 -1.241371465217911731e-03 1.380339972191288044e-04 2.670944534156820205e-06 4.022599000928585300e-03 -1.666984875639028344e-05 3.343914549255151502e-05 -1.502299807751540145e-05 2.266672062989774115e-07
-1.475416035404059957e-04 1.084454336595292622e-04 -6.909488338341874191e-05 -1.827062949127245723e-14 -3.721363292715944358e-04 1.128673812548525602e-03 7.269335003023648855e-04 1.446320953866101031e-04 -1.198618219088637942e-06 1.591127195972469495e-03 -9.250908994960336344e-06 -6.517338026063829279e-05 4.507371869089822501e-06 -8.628320357706660726e-08
-1.951472835224581494e-04 -2.833391776124106923e-05 -8.834786843435546371e-06 9.045330273615637057e-13 -1.241371465217911731e-03 7.269335003023648855e-04 3.376980660307229379e-03 -1.846123810081755443e-04 -2.747964549379576886e-06 -5.021874345434003406e-03 1.563207238118537092e-05 -1.834964232497439613e-04 4.060504685324268896e-05 -1.423063526457248520e-06
-1.238146374181706860e-04 3.905112683655994797e-05 -1.063554478636355080e-04 4.325077909509225695e-13 1.380339972191288044e-04 1.446320953866101031e-04 -1.846123810081755443e-04 5.369039143804219981e-04 -2.455373335387734596e-06 3.192578812723134620e-03 -5.198428094601454926e-05 -7.316681882640473523e-05 -1.581267316398549867e-05 -3.464553122546877009e-07
2.653385858748428176e-06 -1.496083845008521692e-06 1.246392992470562834e-06 -7.345045755414661267e-15 2.670944534156820205e-06 -1.198618219088637942e-06 -2.747964549379576886e-06 -2.455373335387734596e-06 3.645436171468972171e-07 5.256909796345990065e-06 1.251403194150013441e-07 1.429845721012637306e-06 6.931012366122085105e-08 -6.830768457251993243e-09
5.808243929735239144e-04 4.582661354875875457e-04 -7.975545345095091509e-04 1.621448787744210969e-12 4.022599000928585300e-03 1.591127195972469495e-03 -5.021874345434003406e-03 3.192578812723134620e-03 5.256909796345990065e-06 6.113112507073164420e-02 -3.203268726013730580e-04 -2.445598797100695344e-04 -1.336646859743073591e-04 5.232844972528078649e-06
1.958390437946125827e-05 7.727819215118341382e-06 1.364003449711676343e-05 -1.029191432832526009e-13 -1.666984875639028344e-05 -9.250908994960338038e-06 1.563207238118537092e-05 -5.198428094601454926e-05 1.251403194150013441e-07 -3.203268726013730580e-04 3.569638331961828690e-05 2.296527770474900897e-05 -5.618525169875722169e-07 1.528329167698310979e-07
2.884845540649176826e-04 -2.779841802224615883e-05 1.760823795362254855e-04 -6.567546692810019629e-13 3.343914549255151502e-05 -6.517338026063829279e-05 -1.834964232497439613e-04 -7.316681882640473523e-05 1.429845721012637306e-06 -2.445598797100695344e-04 2.296527770474900897e-05 3.867538539042266669e-04 -3.694923559474238580e-05 -1.227028305170145403e-07
-2.558513685556634192e-05 -4.937516528224797862e-07 -3.359420155467668411e-06 5.051144590130283765e-14 -1.502299807751539636e-05 4.507371869089824195e-06 4.060504685324268896e-05 -1.581267316398549528e-05 6.931012366122085105e-08 -1.336646859743073591e-04 -5.618525169875725346e-07 -3.694923559474238580e-05 9.368869669027217895e-06 1.911271590824170825e-07
3.413153619429857348e-07 3.077860613435250481e-07 1.955077690405989429e-09 -1.614682046879886368e-15 2.266672062989774115e-07 -8.628320357706660726e-08 -1.423063526457248520e-06 -3.464553122546877009e-07 -6.830768457251993243e-09 5.232844972528078649e-06 1.528329167698310979e-07 -1.227028305170145668e-07 1.911271590824170825e-07 1.560351789152392342e-07
