# dtau0 tau0 ns Ap herei heref alphaq hub omegamh2 hireionz bhfeedback a_lls a_dla fSiIII
1.124848635267926278e-03 -1.987381645223716177e-04 2.266283847503529011e-04 -2.416680959374379116e-13 -2.292035860008486022e-04 -8.947523383837915423e-05 -1.130241002592088608e-04 -1.759064070515173903e-04 2.982309501868712191e-06 2.062240330643769974e-04 1.668076841061300451e-05 7.681241864471339024e-04 -3.276644431318859207e-04 2.381793058225735363e-06
-1.987381645223716177e-04 2.933662525206992121e-04 -1.638165788482971264e-04 -1.075419443725030452e-12 -1.119669595468280874e-05 1.465657076319730142e-04 -1.087161588320810263e-04 1.912616304438958430e-04 -3.935033067195636031e-06 4.757048319544340798e-04 9.557226144336403078e-07 -5.980199193516346916e-05 -2.729309781204438087e-05 4.174093289632825822e-07
2.266283847503529011e-04 -1.638165788482971264e-04 2.557913578573798013e-04 2.036218919524397476e-13 4.098482979362679183e-06 -7.297747340886910216e-05 -5.940910015432574392e-06 -1.276325868814822144e-04 2.211086867591797991e-06 -1.922183754429327600e-04 7.147967055215887978e-06 2.658199513827542450e-04 -1.006953297793144358e-05 2.242478881247397907e-07
-2.416680959374379116e-13 -1.075419443725030452e-12 2.036218919524397476e-13 7.452106116263362045e-21 -4.198021776332719570e-13 -3.926443379843242055e-13 1.525969483499843735e-12 -5.848081960977053641e-13 -1.837805993774339820e-15 -1.619398464850336641e-12 -1.291847398451240580e-15 -1.524086822464407086e-12 8.405418029632857882e-13 -6.281224613042761046e-15
-2.292035860008485751e-04 -1.119669595468280874e-05 4.098482979362679183e-06 -4.198021776332719570e-13 2.150787241425719618e-03 -6.280736427593480676e-04 -1.445792875964152123e-03 1.924454525730671483e-04 3.661698432514047940e-07 1.873060554397091779e-03 -1.991246917954206513e-05 1.619160783598916408e-04 -7.332325690020235337e-05 3.137706322992679100e-07
-8.947523383837914068e-05 1.465657076319730142e-04 -7.297747340886910216e-05 -3.926443379843242055e-13 -6.280736427593480676e-04 1.228113482875178939e-03 8.881515516475285482e-04 7.515118882708592466e-05 -1.315017853194547983e-06 2.359745267936141162e-04 5.230841451599582941e-06 4.586697109772477335e-05 -6.616681094113874696e-05 5.531981906206379307e-07
-1.130241002592088744e-04 -1.087161588320810263e-04 -5.940910015432573545e-06 1.525969483499843735e-12 -1.445792875964152123e-03 8.881515516475285482e-04 3.496483593820810115e-03 -3.808212250462813522e-04 1.136011902790344192e-06 -2.609830683050592265e-03 2.702715889500769005e-05 -4.475802510281295921e-04 2.102116251913543042e-04 -1.986260049430225999e-06
-1.759064070515173632e-04 1.912616304438958430e-04 -1.276325868814822144e-04 -5.848081960977053641e-13 1.924454525730671483e-04 7.515118882708592466e-05 -3.808212250462813522e-04 7.021039190902962027e-04 -7.716410817860799027e-06 1.182696096150716737e-03 -3.027539896085963965e-05 1.871872687064838031e-04 -1.517585451697329448e-04 1.348256046265685523e-06
2.982309501868711768e-06 -3.935033067195636031e-06 2.211086867591797991e-06 -1.837805993774339820e-15 3.661698432514047940e-07 -1.315017853194547983e-06 1.136011902790344192e-06 -7.716410817860799027e-06 6.835282469186513533e-07 -4.445285859161290403e-06 -1.652587808234560304e-07 -2.576436490709723858e-06 2.996216566948148308e-06 -2.343263565361342530e-08
2.062240330643769974e-04 4.757048319544340798e-04 -1.922183754429327600e-04 -1.619398464850336641e-12 1.873060554397091779e-03 2.359745267936141162e-04 -2.609830683050592265e-03 1.182696096150716737e-03 -4.445285859161290403e-06 1.778503009721316835e-02 -6.504180911202293554e-05 4.616589100854908995e-04 -2.623264603259516819e-04 3.176614946043952126e-06
1.668076841061300451e-05 9.557226144336403078e-07 7.147967055215887131e-06 -1.291847398451240185e-15 -1.991246917954206513e-05 5.230841451599583789e-06 2.702715889500769344e-05 -3.027539896085963965e-05 -1.652587808234560304e-07 -6.504180911202293554e-05 3.403031529903196428e-05 5.619829462762675564e-06 3.413275672073840361e-06 -2.538270643474367975e-09
7.681241864471339024e-04 -5.980199193516346916e-05 2.658199513827542450e-04 -1.524086822464407086e-12 1.619160783598916408e-04 4.586697109772476657e-05 -4.475802510281295921e-04 1.871872687064838031e-04 -2.576436490709723858e-06 4.616589100854908995e-04 5.619829462762673870e-06 1.476443465518967367e-03 -7.740903302823277021e-04 4.884310510310069311e-06
-3.276644431318858665e-04 -2.729309781204437748e-05 -1.006953297793144527e-05 8.405418029632856872e-13 -7.332325690020235337e-05 -6.616681094113874696e-05 2.102116251913543584e-04 -1.517585451697329448e-04 2.996216566948148308e-06 -2.623264603259516819e-04 3.413275672073838667e-06 -7.740903302823277021e-04 5.790173682078472717e-04 -3.563263807308560065e-06
2.381793058225735363e-06 4.174093289632825822e-07 2.242478881247397907e-07 -6.281224613042761046e-15 3.137706322992678571e-07 5.531981906206379307e-07 -1.986260049430225999e-06 1.348256046265685523e-06 -2.343263565361342530e-08 3.176614946043952126e-06 -2.538270643474379969e-09 4.884310510310070158e-06 -3.563263807308560065e-06 1.819215291503804740e-07
