# dtau0 tau0 ns Ap herei heref alphaq hub omegamh2 hireionz bhfeedback a_lls a_dla fSiIII
8.193543156047308285e-04 -8.935581111667209283e-05 1.261465625193966176e-04 -9.251656656775145406e-14 -1.392589327168600600e-04 -1.169094462838071523e-04 -2.212443821950984028e-04 -6.015815114462856036e-05 2.378588032570833053e-06 1.125127725841293174e-03 1.393972223930813578e-05 2.835341541387019102e-04 -2.722542127521348579e-05 4.599129502491389134e-07
-8.935581111667209283e-05 1.706451186373444181e-04 -2.925289769814291968e-05 -7.874523109375507024e-13 -2.831871891784396619e-05 9.040516500087224466e-05 -3.349700086399290633e-05 -8.463508525342889794e-07 -9.263759294452033397e-07 2.996114549717902517e-04 1.017935811513516878e-05 -1.217209921222587404e-06 5.768578699737984068e-07 2.903022588563705696e-07
1.261465625193966176e-04 -2.925289769814291968e-05 1.369270115535583610e-04 -2.323396237940093735e-13 -3.780266092457752644e-05 -5.285671477114339280e-05 -2.040906395030790311e-05 -7.118185781309587358e-05 8.275550822399072931e-07 -6.187485162224722317e-04 1.145693359320290986e-05 1.720573629561344498e-04 -5.937744252464277323e-06 1.980365131767607102e-07
-9.251656656775145406e-14 -7.874523109375507024e-13 -2.323396237940093735e-13 5.975080536870439179e-21 -7.601120635671755598e-14 -1.198572392464732427e-14 9.957976200963655893e-13 3.517132329285807646e-13 -6.098113361257397139e-15 1.154854919590773439e-12 -8.305673660225374619e-14 -7.561808879367945020e-13 5.890174072092373322e-14 -2.092129442849300548e-15
-1.392589327168600600e-04 -2.831871891784396619e-05 -3.780266092457752644e-05 -7.601120635671755598e-14 1.962795599694280163e-03 -3.901703265234931529e-04 -1.303775936505745638e-03 1.245390780008071832e-04 1.829762792652736676e-06 4.541814299080031495e-03 -1.618656452817456357e-05 1.245376946595194960e-05 -1.317259954642314350e-05 1.177711114258569797e-07
-1.169094462838071523e-04 9.040516500087224466e-05 -5.285671477114339280e-05 -1.198572392464732427e-14 -3.901703265234931529e-04 1.063222649485652928e-03 7.451445157807420026e-04 9.461935311530320243e-05 -8.333718835849002899e-07 1.110054134901581084e-03 -6.573193816944845379e-06 -4.996137275558353231e-05 4.371465712663294260e-06 -1.121465159289522755e-07
-2.212443821950984028e-04 -3.349700086399290633e-05 -2.040906395030790311e-05 9.957976200963655893e-13 -1.303775936505745638e-03 7.451445157807420026e-04 3.307055026441441635e-03 -1.238992484927625140e-04 -2.197573704252183989e-06 -5.236131818372478063e-03 1.640374138325173146e-05 -1.977579167202545138e-04 3.417969433126081391e-05 -1.091691477955646038e-06
-6.015815114462856036e-05 -8.463508525342889794e-07 -7.118185781309587358e-05 3.517132329285807646e-13 1.245390780008071832e-04 9.461935311530320243e-05 -1.238992484927625140e-04 3.078604549351109283e-04 -1.269572603604823159e-06 1.966387526332641095e-03 -3.430458124852029837e-05 -5.954858729813100517e-05 -6.150963697044073646e-06 -5.901033908347386730e-07
2.378588032570833053e-06 -9.263759294452033397e-07 8.275550822399072931e-07 -6.098113361257397139e-15 1.829762792652736676e-06 -8.333718835849002899e-07 -2.197573704252183989e-06 -1.269572603604823159e-06 3.256893639397869383e-07 1.300645568521332692e-05 -2.417374676814003422e-08 9.801415883148938458e-07 4.006013760264136661e-08 -3.304715528456488298e-10
1.125127725841293174e-03 2.996114549717902517e-04 -6.187485162224722317e-04 1.154854919590773439e-12 4.541814299080031495e-03 1.110054134901581084e-03 -5.236131818372478063e-03 1.966387526332641095e-03 1.300645568521332692e-05 5.798945335408332846e-02 -2.097692144250274608e-04 -2.092533073964789687e-04 -6.831419812764144648e-05 4.638332295175927119e-06
1.393972223930813578e-05 1.017935811513516878e-05 1.145693359320290986e-05 -8.305673660225373357e-14 -1.618656452817456357e-05 -6.573193816944845379e-06 1.640374138325172807e-05 -3.430458124852029837e-05 -2.417374676814002760e-08 -2.097692144250274608e-04 3.401598202892181633e-05 1.873119455428572439e-05 -6.486842277668068469e-07 1.287778381712265570e-07
2.835341541387019102e-04 -1.217209921222588251e-06 1.720573629561344498e-04 -7.561808879367945020e-13 1.245376946595195468e-05 -4.996137275558353231e-05 -1.977579167202545138e-04 -5.954858729813100517e-05 9.801415883148936341e-07 -2.092533073964790772e-04 1.873119455428572439e-05 3.910525849051827959e-04 -3.935565663552398845e-05 5.551329757412545073e-08
-2.722542127521349257e-05 5.768578699737981950e-07 -5.937744252464277323e-06 5.890174072092372060e-14 -1.317259954642314350e-05 4.371465712663294260e-06 3.417969433126081391e-05 -6.150963697044073646e-06 4.006013760264136661e-08 -6.831419812764144648e-05 -6.486842277668068469e-07 -3.935565663552398845e-05 9.159192069292236785e-06 1.978049738546083316e-07
4.599129502491389134e-07 2.903022588563705696e-07 1.980365131767607102e-07 -2.092129442849300548e-15 1.177711114258569797e-07 -1.121465159289522755e-07 -1.091691477955646038e-06 -5.901033908347386730e-07 -3.304715528456488298e-10 4.638332295175927119e-06 1.287778381712266099e-07 5.551329757412549043e-08 1.978049738546083845e-07 1.593165531387318103e-07
