# dtau0 tau0 ns Ap herei heref alphaq hub omegamh2 hireionz bhfeedback a_lls a_dla fSiIII
8.204727271013056381e-04 -8.521748045467579405e-05 1.353389755223040336e-04 -1.436119590895244672e-13 -1.532568618890577615e-04 -1.331392904990962684e-04 -2.194731982780306358e-04 -7.414034282836498536e-05 1.871471560048356009e-06 8.550904733545330611e-04 2.197717909106746607e-05 3.003790315194508186e-04 -3.000552638218918089e-05 5.205216975169260693e-07
-8.521748045467579405e-05 1.792614321088602800e-04 -1.803118358109593314e-05 -8.965853521945275943e-13 -1.923826566189090073e-05 8.557609114907999170e-05 -4.916593057905718631e-05 -1.849824967813112089e-05 -4.267007432658172803e-07 2.117705803790761922e-04 1.118476504634500889e-05 1.267744592030628084e-05 3.067897905709954336e-07 1.397876822984132463e-07
1.353389755223040336e-04 -1.803118358109593314e-05 1.529515613808087753e-04 -3.424012032367882020e-13 -4.554977845547453409e-05 -5.880760415816496482e-05 -2.894919781047990351e-05 -1.034678603785691071e-04 7.058117960685045261e-07 -8.503857585254346804e-04 1.749831011323581522e-05 1.912277387017593524e-04 -6.200336132736692450e-06 1.652657786688894853e-07
-1.436119590895244672e-13 -8.965853521945275943e-13 -3.424012032367882020e-13 7.155889691842938198e-21 -1.009346122253870222e-13 -1.534897113830656610e-14 1.139710485450063554e-12 5.371719079868875485e-13 -9.295520847291604517e-15 2.364604008673643973e-12 -1.163801921484801525e-13 -9.225548938940887029e-13 6.440011578267809767e-14 -1.394324271200698328e-15
-1.532568618890577615e-04 -1.923826566189090073e-05 -4.554977845547453409e-05 -1.009346122253870222e-13 1.930494952318299786e-03 -4.192163429402250246e-04 -1.295327907584328852e-03 1.008909682451214002e-04 1.923992029433656212e-06 4.111158062168534383e-03 -2.049796517306468776e-05 -6.573299789151352294e-06 -1.026226012526374581e-05 6.263259523392112356e-07
-1.331392904990962684e-04 8.557609114907999170e-05 -5.880760415816496482e-05 -1.534897113830656295e-14 -4.192163429402250246e-04 1.055904296478040339e-03 7.558437057323436244e-04 8.628899902620388305e-05 -5.550698635575245365e-07 7.841185201327462162e-04 -8.220936297029985166e-06 -5.918634785742116401e-05 5.495168543090909770e-06 -5.013559452421432594e-07
-2.194731982780306358e-04 -4.916593057905718631e-05 -2.894919781047990351e-05 1.139710485450063554e-12 -1.295327907584328852e-03 7.558437057323436244e-04 3.348269641560273294e-03 -5.642942327116603276e-05 -3.366217226655071643e-06 -4.697101629726106731e-03 3.326407127656259263e-06 -1.889905233300042688e-04 3.244445829575699249e-05 -1.571017259382548565e-06
-7.414034282836498536e-05 -1.849824967813112089e-05 -1.034678603785691071e-04 5.371719079868875485e-13 1.008909682451214002e-04 8.628899902620388305e-05 -5.642942327116603276e-05 3.371988769384069609e-04 -1.196887947868674570e-06 2.017035090205225156e-03 -4.410422769861028195e-05 -1.039702959823292990e-04 -3.797438021036927689e-06 -6.464311376805021875e-07
1.871471560048356009e-06 -4.267007432658172803e-07 7.058117960685045261e-07 -9.295520847291604517e-15 1.923992029433656212e-06 -5.550698635575245365e-07 -3.366217226655071643e-06 -1.196887947868674570e-06 3.309842235417458446e-07 1.279224571517403650e-05 1.371046991236452134e-07 1.274788137242597132e-06 -1.611793787677703089e-08 3.777683670260310987e-09
8.550904733545330611e-04 2.117705803790761922e-04 -8.503857585254346804e-04 2.364604008673643973e-12 4.111158062168534383e-03 7.841185201327462162e-04 -4.697101629726106731e-03 2.017035090205225156e-03 1.279224571517403650e-05 5.504025316492292680e-02 -2.581274100117197565e-04 -6.032120271385424956e-04 -4.322279566141498940e-05 4.132504700491573383e-06
2.197717909106746607e-05 1.118476504634500889e-05 1.749831011323581522e-05 -1.163801921484801525e-13 -2.049796517306468776e-05 -8.220936297029986860e-06 3.326407127656260534e-06 -4.410422769861028195e-05 1.371046991236452134e-07 -2.581274100117197565e-04 3.776418808106112138e-05 2.940918425437919235e-05 -1.887605575947155354e-06 2.080903903223993127e-07
3.003790315194508186e-04 1.267744592030628254e-05 1.912277387017593524e-04 -9.225548938940887029e-13 -6.573299789151350600e-06 -5.918634785742117078e-05 -1.889905233300042688e-04 -1.039702959823292990e-04 1.274788137242597132e-06 -6.032120271385424956e-04 2.940918425437918896e-05 4.159915300109204555e-04 -3.941008405047144772e-05 8.590018210684818037e-09
-3.000552638218918089e-05 3.067897905709954336e-07 -6.200336132736692450e-06 6.440011578267809767e-14 -1.026226012526374581e-05 5.495168543090908923e-06 3.244445829575699249e-05 -3.797438021036926842e-06 -1.611793787677703420e-08 -4.322279566141498940e-05 -1.887605575947155354e-06 -3.941008405047144772e-05 8.951014559792885009e-06 1.808656492209806227e-07
5.205216975169260693e-07 1.397876822984132463e-07 1.652657786688894853e-07 -1.394324271200698328e-15 6.263259523392112356e-07 -5.013559452421432594e-07 -1.571017259382548565e-06 -6.464311376805021875e-07 3.777683670260310987e-09 4.132504700491572536e-06 2.080903903223992862e-07 8.590018210684808111e-09 1.808656492209806227e-07 1.569003140034707270e-07
